0.238545
0.23692
0.23529
0.233653
0.23201
0.230364
0.228714
0.22706
0.225401
0.223737
0.222068
0.220393
0.21871
0.217022
0.215326
0.213626
0.211922
0.210215
0.208508
0.206799
0.205087
0.20337
0.201651
0.199926
0.198198
0.196464
0.194724
0.19298
0.191232
0.18948
0.187721
0.185956
0.184186
0.182414
0.180637
0.178856
0.177072
0.175286
0.173498
0.171705
0.169906
0.168103
0.166294
0.16448
0.162661
0.160836
0.159006
0.157172
0.155336
0.153496
0.15165
0.149798
0.147941
0.146078
0.144209
0.142338
0.140463
0.138584
0.1367
0.134811
0.132917
0.131018
0.129114
0.127206
0.125293
0.123378
0.121457
0.119532
0.117604
0.115673
0.113738
0.111799
0.109857
0.107909
0.105957
0.104001
0.102042
0.100079
0.0981122
0.0961415
0.0941676
0.0921904
0.0902094
0.0882249
0.0862367
0.0842446
0.0822485
0.0802495
0.0782471
0.0762413
0.0742318
0.0722187
0.0702025
0.068183
0.0661601
0.0641346
0.0621061
0.0600742
0.0580391
0.056001
0.0539599
0.243271
0.241651
0.240026
0.238395
0.23676
0.235119
0.233474
0.231823
0.230168
0.228508
0.226843
0.225173
0.223499
0.221821
0.220138
0.218451
0.21676
0.215065
0.213365
0.211661
0.209953
0.20824
0.206523
0.204802
0.203077
0.201347
0.199613
0.197874
0.196131
0.194384
0.192632
0.190875
0.189115
0.18735
0.18558
0.183806
0.182027
0.180244
0.178456
0.176663
0.174866
0.173064
0.171257
0.169445
0.167629
0.165808
0.163982
0.162152
0.160316
0.158476
0.156631
0.154782
0.152928
0.151069
0.149206
0.147338
0.145466
0.143589
0.141707
0.139822
0.137931
0.136037
0.134138
0.132235
0.130328
0.128416
0.126501
0.124581
0.122657
0.120729
0.118798
0.116862
0.114922
0.112979
0.111032
0.10908
0.107126
0.105167
0.103205
0.101239
0.0992697
0.0972968
0.0953204
0.0933404
0.0913571
0.0893703
0.0873801
0.0853866
0.0833898
0.0813897
0.0793863
0.0773797
0.07537
0.0733571
0.0713411
0.0693221
0.0673001
0.0652752
0.0632473
0.0612167
0.0591833
0.248068
0.246455
0.244837
0.243215
0.241587
0.239955
0.238318
0.236677
0.235031
0.23338
0.231724
0.230064
0.228399
0.22673
0.225056
0.223378
0.221695
0.220008
0.218316
0.216619
0.214918
0.213213
0.211503
0.209788
0.208069
0.206345
0.204617
0.202884
0.201146
0.199404
0.197657
0.195905
0.194149
0.192388
0.190622
0.188852
0.187076
0.185297
0.183512
0.181723
0.179929
0.17813
0.176326
0.174518
0.172706
0.170888
0.169066
0.167239
0.165408
0.163572
0.161732
0.159887
0.158037
0.156183
0.154325
0.152462
0.150595
0.148724
0.146848
0.144968
0.143084
0.141196
0.139303
0.137406
0.135506
0.133601
0.131692
0.129779
0.127863
0.125942
0.124018
0.122089
0.120157
0.118221
0.116282
0.114339
0.112392
0.110441
0.108487
0.106529
0.104568
0.102604
0.100636
0.0986643
0.0966897
0.0947117
0.0927305
0.0907462
0.0887588
0.0867683
0.0847749
0.0827786
0.0807795
0.0787776
0.0767731
0.074766
0.0727565
0.0707447
0.0687307
0.0667146
0.0646966
0.252944
0.251341
0.249732
0.248119
0.246501
0.244878
0.24325
0.241618
0.23998
0.238338
0.236692
0.23504
0.233384
0.231723
0.230057
0.228387
0.226712
0.225032
0.223348
0.221658
0.219964
0.218266
0.216562
0.214854
0.213141
0.211423
0.209701
0.207973
0.206241
0.204505
0.202763
0.201017
0.199266
0.19751
0.195749
0.193984
0.192214
0.19044
0.18866
0.186876
0.185088
0.183294
0.181496
0.179694
0.177887
0.176075
0.174259
0.172438
0.170613
0.168784
0.16695
0.165111
0.163268
0.161421
0.15957
0.157714
0.155854
0.15399
0.152122
0.150249
0.148373
0.146492
0.144607
0.142719
0.140826
0.138929
0.137029
0.135124
0.133216
0.131304
0.129388
0.127468
0.125545
0.123618
0.121687
0.119753
0.117816
0.115874
0.11393
0.111982
0.110031
0.108077
0.106119
0.104158
0.102195
0.100228
0.0982586
0.0962863
0.0943112
0.0923336
0.0903534
0.0883708
0.0863859
0.0843988
0.0824097
0.0804187
0.0784259
0.0764316
0.0744359
0.072439
0.0704411
0.257895
0.256301
0.254701
0.253097
0.251488
0.249873
0.248254
0.246631
0.245002
0.243368
0.24173
0.240086
0.238438
0.236785
0.235127
0.233465
0.231797
0.230125
0.228448
0.226766
0.225079
0.223387
0.22169
0.219989
0.218283
0.216572
0.214856
0.213135
0.21141
0.20968
0.207945
0.206205
0.204461
0.202712
0.200958
0.199199
0.197436
0.195668
0.193896
0.192119
0.190337
0.188551
0.18676
0.184965
0.183165
0.181361
0.179552
0.177739
0.175922
0.1741
0.172274
0.170443
0.168608
0.166769
0.164926
0.163078
0.161226
0.159371
0.157511
0.155647
0.153779
0.151907
0.15003
0.148151
0.146267
0.144379
0.142488
0.140592
0.138693
0.136791
0.134884
0.132975
0.131061
0.129144
0.127224
0.1253
0.123373
0.121443
0.11951
0.117573
0.115634
0.113692
0.111746
0.109798
0.107847
0.105894
0.103938
0.10198
0.100019
0.0980562
0.0960914
0.0941247
0.0921562
0.0901861
0.0882146
0.0862419
0.0842682
0.0822936
0.0803185
0.078343
0.0763675
0.262911
0.261325
0.259735
0.258139
0.256538
0.254933
0.253322
0.251706
0.250086
0.248461
0.24683
0.245195
0.243555
0.24191
0.24026
0.238605
0.236945
0.235281
0.233611
0.231937
0.230257
0.228573
0.226884
0.225191
0.223492
0.221789
0.22008
0.218367
0.21665
0.214927
0.2132
0.211468
0.209731
0.20799
0.206244
0.204493
0.202738
0.200978
0.199213
0.197444
0.195671
0.193893
0.19211
0.190323
0.188531
0.186735
0.184935
0.18313
0.181321
0.179508
0.17769
0.175868
0.174042
0.172212
0.170377
0.168538
0.166696
0.164849
0.162998
0.161143
0.159285
0.157422
0.155556
0.153685
0.151811
0.149934
0.148052
0.146167
0.144278
0.142386
0.140491
0.138592
0.136689
0.134783
0.132875
0.130963
0.129047
0.127129
0.125208
0.123285
0.121358
0.119429
0.117497
0.115562
0.113626
0.111687
0.109746
0.107803
0.105858
0.103911
0.101963
0.100014
0.098063
0.0961112
0.0941585
0.0922053
0.0902517
0.0882979
0.0863443
0.0843912
0.0824388
0.267985
0.266408
0.264826
0.263238
0.261646
0.260049
0.258447
0.25684
0.255228
0.253611
0.251989
0.250362
0.24873
0.247094
0.245452
0.243805
0.242154
0.240497
0.238836
0.23717
0.235499
0.233823
0.232142
0.230457
0.228766
0.227071
0.225371
0.223667
0.221957
0.220243
0.218524
0.2168
0.215072
0.213339
0.211602
0.209859
0.208113
0.206361
0.204605
0.202845
0.20108
0.199311
0.197537
0.195759
0.193976
0.192189
0.190397
0.188602
0.186802
0.184997
0.183189
0.181376
0.179559
0.177738
0.175913
0.174084
0.172251
0.170414
0.168573
0.166729
0.16488
0.163027
0.161171
0.159311
0.157448
0.155581
0.15371
0.151836
0.149959
0.148078
0.146194
0.144306
0.142416
0.140522
0.138625
0.136726
0.134823
0.132918
0.13101
0.1291
0.127187
0.125272
0.123354
0.121435
0.119513
0.11759
0.115664
0.113737
0.111809
0.109879
0.107949
0.106017
0.104084
0.102151
0.100218
0.0982848
0.0963516
0.0944189
0.092487
0.0905561
0.0886266
0.273111
0.271543
0.269969
0.268391
0.266808
0.265219
0.263626
0.262028
0.260424
0.258816
0.257203
0.255585
0.253962
0.252333
0.2507
0.249063
0.24742
0.245772
0.244119
0.242462
0.2408
0.239132
0.23746
0.235784
0.234102
0.232416
0.230724
0.229028
0.227328
0.225623
0.223912
0.222198
0.220478
0.218754
0.217026
0.215293
0.213555
0.211813
0.210066
0.208314
0.206559
0.204799
0.203034
0.201265
0.199492
0.197714
0.195932
0.194146
0.192355
0.190561
0.188762
0.186959
0.185152
0.183341
0.181526
0.179707
0.177885
0.176058
0.174227
0.172393
0.170555
0.168713
0.166868
0.165019
0.163167
0.161311
0.159452
0.157589
0.155724
0.153855
0.151983
0.150108
0.148229
0.146348
0.144465
0.142578
0.140689
0.138798
0.136904
0.135007
0.133109
0.131208
0.129305
0.127401
0.125495
0.123587
0.121678
0.119768
0.117856
0.115944
0.114031
0.112117
0.110203
0.108289
0.106375
0.104461
0.102548
0.100636
0.0987254
0.0968162
0.0949089
0.278286
0.276727
0.275163
0.273594
0.272019
0.27044
0.268856
0.267266
0.265672
0.264073
0.262469
0.260859
0.259245
0.257626
0.256002
0.254373
0.25274
0.251101
0.249457
0.247809
0.246156
0.244498
0.242835
0.241167
0.239495
0.237817
0.236135
0.234449
0.232757
0.231061
0.22936
0.227655
0.225945
0.22423
0.222511
0.220787
0.219059
0.217326
0.215589
0.213847
0.212101
0.21035
0.208595
0.206836
0.205072
0.203305
0.201533
0.199756
0.197976
0.196191
0.194403
0.19261
0.190814
0.189013
0.187209
0.1854
0.183588
0.181772
0.179953
0.178129
0.176303
0.174472
0.172638
0.170801
0.16896
0.167116
0.165269
0.163418
0.161565
0.159708
0.157849
0.155986
0.154121
0.152253
0.150383
0.14851
0.146635
0.144757
0.142877
0.140995
0.139111
0.137226
0.135338
0.133449
0.131559
0.129667
0.127774
0.12588
0.123986
0.122091
0.120195
0.118299
0.116403
0.114508
0.112613
0.110718
0.108825
0.106933
0.105043
0.103155
0.101269
0.283507
0.281957
0.280402
0.278843
0.277278
0.275708
0.274133
0.272553
0.270968
0.269378
0.267783
0.266183
0.264578
0.262968
0.261354
0.259734
0.25811
0.25648
0.254846
0.253207
0.251563
0.249915
0.248261
0.246603
0.24494
0.243272
0.241599
0.239922
0.23824
0.236554
0.234862
0.233167
0.231466
0.229761
0.228052
0.226338
0.224619
0.222896
0.221169
0.219437
0.217701
0.21596
0.214215
0.212466
0.210713
0.208955
0.207193
0.205427
0.203657
0.201883
0.200105
0.198323
0.196538
0.194748
0.192954
0.191157
0.189356
0.187551
0.185743
0.183931
0.182115
0.180297
0.178474
0.176649
0.17482
0.172988
0.171153
0.169315
0.167474
0.16563
0.163784
0.161934
0.160083
0.158228
0.156371
0.154512
0.152651
0.150787
0.148922
0.147054
0.145185
0.143314
0.141442
0.139569
0.137694
0.135818
0.133942
0.132064
0.130186
0.128308
0.12643
0.124552
0.122674
0.120796
0.11892
0.117044
0.11517
0.113297
0.111426
0.109558
0.107692
0.288771
0.287231
0.285685
0.284135
0.282579
0.281019
0.279454
0.277883
0.276308
0.274727
0.273142
0.271552
0.269956
0.268356
0.266751
0.265141
0.263526
0.261907
0.260282
0.258653
0.257018
0.255379
0.253736
0.252087
0.250434
0.248776
0.247113
0.245445
0.243773
0.242096
0.240415
0.238729
0.237039
0.235344
0.233644
0.23194
0.230232
0.228519
0.226801
0.22508
0.223354
0.221623
0.219889
0.21815
0.216407
0.21466
0.212909
0.211154
0.209395
0.207631
0.205864
0.204093
0.202318
0.20054
0.198757
0.196971
0.195182
0.193388
0.191592
0.189791
0.187988
0.186181
0.184371
0.182557
0.180741
0.178921
0.177099
0.175273
0.173445
0.171614
0.169781
0.167945
0.166106
0.164265
0.162422
0.160577
0.158729
0.15688
0.155029
0.153176
0.151322
0.149466
0.147609
0.145751
0.143892
0.142032
0.140171
0.13831
0.136449
0.134587
0.132726
0.130865
0.129004
0.127144
0.125285
0.123428
0.121572
0.119717
0.117865
0.116016
0.114169
0.294075
0.292544
0.291008
0.289468
0.287922
0.286371
0.284816
0.283255
0.281689
0.280119
0.278543
0.276962
0.275377
0.273787
0.272191
0.270591
0.268986
0.267376
0.265761
0.264142
0.262518
0.260888
0.259254
0.257616
0.255972
0.254324
0.252672
0.251014
0.249352
0.247685
0.246014
0.244338
0.242658
0.240973
0.239284
0.23759
0.235892
0.234189
0.232482
0.230771
0.229056
0.227336
0.225612
0.223884
0.222152
0.220416
0.218675
0.216931
0.215183
0.213431
0.211674
0.209915
0.208151
0.206384
0.204613
0.202838
0.20106
0.199279
0.197494
0.195705
0.193914
0.192119
0.190321
0.18852
0.186716
0.184909
0.183099
0.181286
0.179471
0.177653
0.175833
0.17401
0.172185
0.170358
0.168528
0.166697
0.164864
0.163029
0.161192
0.159354
0.157514
0.155673
0.153831
0.151988
0.150144
0.1483
0.146455
0.144609
0.142764
0.140919
0.139074
0.137229
0.135385
0.133542
0.131701
0.12986
0.128022
0.126185
0.124351
0.122519
0.12069
0.299415
0.297894
0.296368
0.294838
0.293302
0.291761
0.290215
0.288665
0.287109
0.285548
0.283983
0.282412
0.280837
0.279256
0.277671
0.276081
0.274486
0.272886
0.271281
0.269672
0.268057
0.266438
0.264814
0.263186
0.261553
0.259915
0.258272
0.256625
0.254973
0.253317
0.251656
0.24999
0.248321
0.246646
0.244967
0.243284
0.241596
0.239904
0.238208
0.236508
0.234803
0.233094
0.231381
0.229664
0.227942
0.226217
0.224488
0.222755
0.221017
0.219277
0.217532
0.215783
0.214031
0.212275
0.210516
0.208753
0.206987
0.205217
0.203444
0.201668
0.199889
0.198106
0.19632
0.194532
0.19274
0.190946
0.189149
0.187349
0.185547
0.183742
0.181935
0.180125
0.178314
0.1765
0.174684
0.172867
0.171047
0.169226
0.167404
0.16558
0.163755
0.161928
0.160101
0.158273
0.156444
0.154615
0.152785
0.150955
0.149126
0.147296
0.145467
0.143638
0.141811
0.139984
0.138159
0.136335
0.134513
0.132693
0.130875
0.129061
0.127249
0.304789
0.303279
0.301763
0.300242
0.298717
0.297186
0.29565
0.29411
0.292564
0.291014
0.289458
0.287898
0.286332
0.284762
0.283187
0.281607
0.280022
0.278432
0.276838
0.275239
0.273635
0.272026
0.270412
0.268794
0.267171
0.265544
0.263912
0.262275
0.260633
0.258988
0.257337
0.255682
0.254023
0.252359
0.250691
0.249018
0.247341
0.24566
0.243975
0.242285
0.240591
0.238893
0.237191
0.235485
0.233775
0.232061
0.230343
0.228621
0.226895
0.225165
0.223432
0.221695
0.219955
0.218211
0.216463
0.214712
0.212958
0.2112
0.209439
0.207675
0.205908
0.204137
0.202364
0.200588
0.198809
0.197027
0.195243
0.193456
0.191667
0.189875
0.188081
0.186285
0.184487
0.182686
0.180884
0.17908
0.177275
0.175468
0.173659
0.171849
0.170038
0.168226
0.166414
0.1646
0.162786
0.160972
0.159157
0.157342
0.155527
0.153713
0.151899
0.150086
0.148274
0.146463
0.144653
0.142845
0.141039
0.139235
0.137434
0.135635
0.133839
0.310195
0.308695
0.307189
0.305679
0.304164
0.302643
0.301118
0.299587
0.298052
0.296512
0.294967
0.293416
0.291861
0.290301
0.288737
0.287167
0.285593
0.284013
0.282429
0.28084
0.279247
0.277648
0.276045
0.274438
0.272825
0.271208
0.269587
0.26796
0.26633
0.264694
0.263055
0.26141
0.259762
0.258109
0.256451
0.25479
0.253124
0.251453
0.249779
0.2481
0.246417
0.24473
0.24304
0.241345
0.239646
0.237943
0.236236
0.234526
0.232811
0.231093
0.229372
0.227646
0.225918
0.224185
0.22245
0.22071
0.218968
0.217222
0.215473
0.213722
0.211967
0.210209
0.208448
0.206684
0.204918
0.203149
0.201377
0.199603
0.197827
0.196048
0.194267
0.192484
0.190699
0.188912
0.187123
0.185333
0.183541
0.181748
0.179953
0.178157
0.17636
0.174562
0.172763
0.170964
0.169164
0.167364
0.165564
0.163764
0.161964
0.160165
0.158366
0.156567
0.15477
0.152974
0.15118
0.149387
0.147596
0.145807
0.144021
0.142237
0.140457
0.31563
0.31414
0.312645
0.311145
0.30964
0.30813
0.306615
0.305095
0.30357
0.30204
0.300506
0.298966
0.297421
0.295872
0.294318
0.292758
0.291194
0.289626
0.288052
0.286474
0.284891
0.283303
0.281711
0.280114
0.278512
0.276905
0.275295
0.273679
0.272059
0.270435
0.268806
0.267172
0.265534
0.263892
0.262246
0.260595
0.25894
0.257281
0.255617
0.25395
0.252278
0.250603
0.248923
0.247239
0.245552
0.24386
0.242165
0.240466
0.238763
0.237057
0.235347
0.233633
0.231916
0.230196
0.228472
0.226745
0.225014
0.223281
0.221544
0.219804
0.218062
0.216316
0.214567
0.212816
0.211062
0.209306
0.207547
0.205786
0.204022
0.202256
0.200488
0.198718
0.196946
0.195173
0.193397
0.19162
0.189842
0.188062
0.18628
0.184498
0.182715
0.180931
0.179146
0.177361
0.175575
0.173789
0.172003
0.170217
0.168431
0.166646
0.164861
0.163077
0.161295
0.159513
0.157733
0.155955
0.154178
0.152404
0.150632
0.148863
0.147097
0.321092
0.319613
0.318128
0.316639
0.315144
0.313645
0.31214
0.310631
0.309116
0.307597
0.306073
0.304544
0.30301
0.301471
0.299927
0.298379
0.296825
0.295267
0.293704
0.292137
0.290564
0.288987
0.287405
0.285819
0.284228
0.282633
0.281033
0.279428
0.277819
0.276205
0.274587
0.272965
0.271338
0.269707
0.268071
0.266432
0.264788
0.26314
0.261488
0.259831
0.258171
0.256507
0.254838
0.253166
0.25149
0.24981
0.248126
0.246439
0.244747
0.243053
0.241354
0.239653
0.237947
0.236239
0.234527
0.232812
0.231093
0.229372
0.227647
0.225919
0.224189
0.222456
0.22072
0.218981
0.217239
0.215495
0.213749
0.212
0.21025
0.208496
0.206741
0.204984
0.203225
0.201464
0.199702
0.197938
0.196173
0.194406
0.192638
0.190869
0.189099
0.187329
0.185558
0.183786
0.182014
0.180241
0.178469
0.176697
0.174925
0.173153
0.171382
0.169612
0.167844
0.166076
0.16431
0.162545
0.160783
0.159022
0.157264
0.155509
0.153757
0.326579
0.32511
0.323636
0.322158
0.320674
0.319185
0.317691
0.316192
0.314688
0.31318
0.311666
0.310148
0.308624
0.307096
0.305563
0.304025
0.302483
0.300935
0.299383
0.297826
0.296265
0.294698
0.293128
0.291552
0.289972
0.288387
0.286798
0.285205
0.283606
0.282004
0.280397
0.278785
0.27717
0.27555
0.273925
0.272297
0.270664
0.269027
0.267386
0.265741
0.264092
0.262439
0.260782
0.259122
0.257457
0.255789
0.254116
0.25244
0.250761
0.249078
0.247391
0.245701
0.244008
0.242311
0.240611
0.238908
0.237201
0.235492
0.233779
0.232064
0.230346
0.228624
0.226901
0.225174
0.223445
0.221714
0.21998
0.218244
0.216505
0.214765
0.213022
0.211278
0.209532
0.207784
0.206034
0.204283
0.202531
0.200777
0.199022
0.197266
0.19551
0.193752
0.191994
0.190236
0.188477
0.186718
0.184959
0.1832
0.181441
0.179683
0.177926
0.176169
0.174413
0.172659
0.170906
0.169155
0.167406
0.165659
0.163914
0.162172
0.160433
0.332089
0.330631
0.329167
0.327699
0.326226
0.324748
0.323265
0.321777
0.320284
0.318786
0.317283
0.315775
0.314263
0.312745
0.311223
0.309696
0.308164
0.306628
0.305086
0.30354
0.30199
0.300435
0.298875
0.29731
0.295741
0.294167
0.292589
0.291007
0.289419
0.287828
0.286232
0.284632
0.283027
0.281418
0.279805
0.278188
0.276567
0.274941
0.273311
0.271678
0.27004
0.268399
0.266753
0.265104
0.263451
0.261794
0.260133
0.258469
0.256801
0.25513
0.253455
0.251776
0.250095
0.24841
0.246722
0.24503
0.243336
0.241638
0.239938
0.238234
0.236528
0.234819
0.233108
0.231393
0.229677
0.227957
0.226236
0.224512
0.222786
0.221058
0.219328
0.217596
0.215863
0.214127
0.21239
0.210652
0.208912
0.207171
0.205429
0.203686
0.201942
0.200198
0.198453
0.196707
0.194961
0.193215
0.191469
0.189723
0.187977
0.186232
0.184488
0.182744
0.181001
0.17926
0.17752
0.175782
0.174045
0.172311
0.170579
0.168849
0.167122
0.337619
0.336172
0.334719
0.333262
0.3318
0.330332
0.32886
0.327383
0.3259
0.324413
0.322921
0.321425
0.319923
0.318416
0.316905
0.315389
0.313868
0.312343
0.310812
0.309277
0.307738
0.306193
0.304644
0.303091
0.301533
0.29997
0.298403
0.296832
0.295256
0.293675
0.292091
0.290502
0.288908
0.287311
0.285709
0.284103
0.282493
0.280878
0.27926
0.277638
0.276012
0.274381
0.272747
0.27111
0.269468
0.267823
0.266174
0.264521
0.262865
0.261205
0.259542
0.257875
0.256205
0.254532
0.252856
0.251176
0.249494
0.247808
0.24612
0.244428
0.242734
0.241037
0.239338
0.237636
0.235931
0.234224
0.232515
0.230803
0.229089
0.227374
0.225656
0.223937
0.222215
0.220492
0.218768
0.217042
0.215315
0.213586
0.211857
0.210126
0.208395
0.206663
0.20493
0.203197
0.201464
0.19973
0.197997
0.196264
0.19453
0.192798
0.191066
0.189335
0.187605
0.185876
0.184148
0.182422
0.180698
0.178976
0.177256
0.175538
0.173823
0.343168
0.341732
0.34029
0.338844
0.337392
0.335936
0.334474
0.333008
0.331537
0.330061
0.32858
0.327094
0.325603
0.324108
0.322607
0.321102
0.319592
0.318078
0.316558
0.315034
0.313506
0.311973
0.310435
0.308892
0.307345
0.305794
0.304238
0.302678
0.301113
0.299544
0.29797
0.296392
0.29481
0.293224
0.291633
0.290039
0.28844
0.286837
0.28523
0.283619
0.282005
0.280386
0.278763
0.277137
0.275507
0.273873
0.272236
0.270595
0.26895
0.267302
0.26565
0.263996
0.262337
0.260676
0.259011
0.257344
0.255673
0.253999
0.252323
0.250643
0.248961
0.247276
0.245588
0.243898
0.242206
0.240511
0.238813
0.237114
0.235412
0.233709
0.232003
0.230296
0.228587
0.226876
0.225164
0.22345
0.221735
0.220019
0.218302
0.216584
0.214865
0.213145
0.211425
0.209704
0.207983
0.206262
0.20454
0.202819
0.201098
0.199378
0.197658
0.195939
0.194221
0.192504
0.190789
0.189074
0.187362
0.185652
0.183943
0.182237
0.180534
0.348735
0.347309
0.345879
0.344443
0.343003
0.341557
0.340107
0.338651
0.337191
0.335726
0.334256
0.332781
0.331301
0.329817
0.328328
0.326834
0.325335
0.323831
0.322323
0.32081
0.319293
0.317771
0.316244
0.314713
0.313177
0.311637
0.310092
0.308543
0.306989
0.305431
0.303869
0.302302
0.300732
0.299157
0.297577
0.295994
0.294407
0.292815
0.29122
0.28962
0.288017
0.286409
0.284798
0.283184
0.281565
0.279943
0.278317
0.276687
0.275054
0.273418
0.271778
0.270135
0.268488
0.266839
0.265186
0.26353
0.261871
0.260209
0.258544
0.256876
0.255206
0.253533
0.251857
0.250179
0.248498
0.246815
0.24513
0.243442
0.241753
0.240061
0.238367
0.236672
0.234975
0.233276
0.231576
0.229874
0.228172
0.226467
0.224762
0.223056
0.221349
0.219641
0.217933
0.216224
0.214515
0.212806
0.211097
0.209387
0.207678
0.20597
0.204262
0.202555
0.200848
0.199143
0.197439
0.195736
0.194035
0.192336
0.190639
0.188945
0.187252
0.354317
0.352902
0.351483
0.350058
0.348629
0.347194
0.345755
0.344311
0.342861
0.341407
0.339948
0.338484
0.337016
0.335542
0.334064
0.332581
0.331094
0.329601
0.328104
0.326602
0.325096
0.323585
0.32207
0.32055
0.319025
0.317496
0.315962
0.314425
0.312882
0.311336
0.309785
0.308229
0.30667
0.305106
0.303538
0.301966
0.30039
0.29881
0.297226
0.295638
0.294046
0.29245
0.290851
0.289247
0.28764
0.286029
0.284415
0.282797
0.281175
0.279551
0.277922
0.276291
0.274656
0.273018
0.271376
0.269732
0.268085
0.266435
0.264781
0.263125
0.261467
0.259805
0.258141
0.256475
0.254806
0.253135
0.251461
0.249786
0.248108
0.246428
0.244746
0.243063
0.241377
0.239691
0.238002
0.236312
0.234621
0.232929
0.231236
0.229541
0.227846
0.22615
0.224454
0.222756
0.221059
0.219362
0.217664
0.215966
0.214269
0.212572
0.210875
0.209179
0.207484
0.205791
0.204098
0.202406
0.200716
0.199028
0.197342
0.195658
0.193976
0.359913
0.358509
0.357101
0.355687
0.354269
0.352846
0.351417
0.349984
0.348546
0.347103
0.345655
0.344202
0.342745
0.341283
0.339816
0.338344
0.336867
0.335386
0.3339
0.33241
0.330915
0.329415
0.32791
0.326402
0.324888
0.32337
0.321848
0.320322
0.31879
0.317255
0.315715
0.314171
0.312623
0.311071
0.309514
0.307954
0.306389
0.30482
0.303248
0.301671
0.30009
0.298506
0.296918
0.295326
0.29373
0.292131
0.290528
0.288922
0.287312
0.285698
0.284081
0.282461
0.280838
0.279211
0.277582
0.275949
0.274313
0.272675
0.271033
0.269389
0.267742
0.266092
0.26444
0.262785
0.261127
0.259468
0.257806
0.256142
0.254476
0.252808
0.251138
0.249466
0.247792
0.246117
0.24444
0.242762
0.241083
0.239402
0.23772
0.236037
0.234354
0.232669
0.230984
0.229299
0.227613
0.225926
0.22424
0.222554
0.220868
0.219182
0.217497
0.215812
0.214128
0.212445
0.210763
0.209083
0.207403
0.205726
0.20405
0.202377
0.200705
0.365521
0.364129
0.362731
0.361329
0.359922
0.358509
0.357092
0.35567
0.354243
0.352811
0.351375
0.349933
0.348487
0.347036
0.34558
0.344119
0.342654
0.341184
0.339709
0.33823
0.336746
0.335258
0.333765
0.332267
0.330765
0.329258
0.327747
0.326232
0.324712
0.323188
0.32166
0.320127
0.31859
0.317049
0.315504
0.313955
0.312401
0.310844
0.309283
0.307717
0.306148
0.304575
0.302998
0.301418
0.299834
0.298246
0.296654
0.295059
0.293461
0.291859
0.290253
0.288645
0.287033
0.285418
0.2838
0.282178
0.280554
0.278927
0.277297
0.275664
0.274029
0.27239
0.27075
0.269106
0.26746
0.265812
0.264162
0.26251
0.260855
0.259198
0.25754
0.255879
0.254217
0.252553
0.250888
0.249221
0.247553
0.245884
0.244214
0.242542
0.24087
0.239197
0.237523
0.235849
0.234174
0.232499
0.230824
0.229148
0.227473
0.225799
0.224124
0.22245
0.220777
0.219105
0.217433
0.215763
0.214095
0.212428
0.210762
0.209099
0.207437
0.37114
0.369759
0.368373
0.366982
0.365585
0.364184
0.362778
0.361368
0.359952
0.358531
0.357106
0.355675
0.35424
0.3528
0.351356
0.349906
0.348452
0.346994
0.34553
0.344062
0.342589
0.341112
0.33963
0.338144
0.336653
0.335158
0.333658
0.332154
0.330645
0.329133
0.327616
0.326094
0.324569
0.323039
0.321505
0.319967
0.318425
0.316879
0.315329
0.313775
0.312217
0.310656
0.30909
0.307521
0.305948
0.304372
0.302792
0.301208
0.299621
0.29803
0.296436
0.294839
0.293239
0.291635
0.290028
0.288419
0.286806
0.28519
0.283571
0.28195
0.280326
0.278699
0.277069
0.275438
0.273803
0.272167
0.270528
0.268886
0.267243
0.265598
0.263951
0.262302
0.260651
0.258998
0.257344
0.255689
0.254032
0.252374
0.250715
0.249054
0.247393
0.245731
0.244068
0.242405
0.240741
0.239077
0.237413
0.235749
0.234084
0.23242
0.230756
0.229093
0.22743
0.225768
0.224107
0.222448
0.220789
0.219132
0.217476
0.215823
0.214171
0.376769
0.375399
0.374024
0.372644
0.371259
0.369869
0.368474
0.367075
0.36567
0.364261
0.362847
0.361427
0.360004
0.358575
0.357142
0.355703
0.354261
0.352813
0.351361
0.349904
0.348443
0.346977
0.345506
0.344031
0.342551
0.341067
0.339579
0.338086
0.336589
0.335087
0.333582
0.332072
0.330557
0.329039
0.327516
0.32599
0.324459
0.322924
0.321385
0.319843
0.318296
0.316746
0.315192
0.313634
0.312073
0.310507
0.308939
0.307366
0.305791
0.304211
0.302629
0.301043
0.299454
0.297862
0.296266
0.294668
0.293066
0.291462
0.289854
0.288244
0.286631
0.285016
0.283398
0.281777
0.280154
0.278529
0.276901
0.275271
0.273639
0.272005
0.270369
0.268731
0.267091
0.26545
0.263807
0.262163
0.260517
0.25887
0.257222
0.255572
0.253922
0.252271
0.250619
0.248967
0.247313
0.24566
0.244006
0.242353
0.240699
0.239045
0.237392
0.235739
0.234086
0.232435
0.230784
0.229134
0.227485
0.225838
0.224192
0.222548
0.220906
0.382405
0.381047
0.379683
0.378314
0.376941
0.375562
0.374178
0.37279
0.371397
0.369999
0.368596
0.367188
0.365775
0.364358
0.362936
0.361509
0.360077
0.358641
0.3572
0.355754
0.354304
0.35285
0.35139
0.349926
0.348458
0.346985
0.345508
0.344027
0.342541
0.341051
0.339556
0.338057
0.336554
0.335047
0.333536
0.332021
0.330501
0.328978
0.32745
0.325919
0.324384
0.322845
0.321302
0.319755
0.318205
0.316651
0.315094
0.313533
0.311968
0.3104
0.308829
0.307254
0.305677
0.304096
0.302511
0.300924
0.299334
0.297741
0.296144
0.294546
0.292944
0.29134
0.289733
0.288123
0.286511
0.284897
0.28328
0.281662
0.280041
0.278418
0.276793
0.275166
0.273537
0.271907
0.270275
0.268641
0.267007
0.26537
0.263733
0.262094
0.260455
0.258814
0.257173
0.255531
0.253889
0.252246
0.250603
0.248959
0.247316
0.245673
0.244029
0.242386
0.240744
0.239102
0.237461
0.235821
0.234182
0.232544
0.230908
0.229273
0.22764
0.388049
0.386701
0.385349
0.383991
0.382629
0.381262
0.37989
0.378512
0.37713
0.375743
0.374352
0.372955
0.371554
0.370148
0.368737
0.367321
0.365901
0.364476
0.363046
0.361612
0.360173
0.35873
0.357282
0.355829
0.354372
0.352911
0.351445
0.349974
0.3485
0.347021
0.345538
0.34405
0.342558
0.341062
0.339562
0.338058
0.33655
0.335038
0.333522
0.332002
0.330478
0.32895
0.327418
0.325883
0.324344
0.322802
0.321255
0.319705
0.318152
0.316596
0.315035
0.313472
0.311905
0.310335
0.308762
0.307186
0.305607
0.304025
0.30244
0.300852
0.299262
0.297669
0.296073
0.294474
0.292873
0.29127
0.289665
0.288057
0.286447
0.284835
0.283221
0.281605
0.279987
0.278368
0.276746
0.275124
0.2735
0.271874
0.270247
0.268619
0.26699
0.26536
0.26373
0.262098
0.260466
0.258834
0.257201
0.255567
0.253934
0.252301
0.250668
0.249035
0.247402
0.24577
0.244139
0.242508
0.240878
0.23925
0.237623
0.235997
0.234373
0.393698
0.392361
0.39102
0.389674
0.388323
0.386967
0.385606
0.38424
0.38287
0.381494
0.380114
0.378728
0.377338
0.375943
0.374544
0.373139
0.37173
0.370317
0.368898
0.367475
0.366048
0.364615
0.363179
0.361737
0.360292
0.358841
0.357387
0.355928
0.354464
0.352997
0.351525
0.350048
0.348568
0.347083
0.345595
0.344102
0.342605
0.341104
0.339599
0.33809
0.336577
0.335061
0.33354
0.332016
0.330488
0.328957
0.327422
0.325883
0.324341
0.322796
0.321247
0.319694
0.318139
0.31658
0.315018
0.313453
0.311885
0.310314
0.30874
0.307163
0.305584
0.304002
0.302417
0.300829
0.299239
0.297647
0.296052
0.294455
0.292856
0.291255
0.289652
0.288046
0.286439
0.284831
0.28322
0.281608
0.279994
0.27838
0.276763
0.275146
0.273527
0.271908
0.270287
0.268666
0.267044
0.265422
0.263799
0.262176
0.260552
0.258929
0.257305
0.255682
0.254059
0.252437
0.250815
0.249194
0.247573
0.245954
0.244336
0.242719
0.241104
0.399351
0.398026
0.396696
0.395361
0.394022
0.392677
0.391327
0.389973
0.388613
0.387249
0.38588
0.384506
0.383127
0.381743
0.380355
0.378962
0.377564
0.376162
0.374755
0.373343
0.371927
0.370506
0.36908
0.36765
0.366216
0.364777
0.363333
0.361886
0.360433
0.358977
0.357516
0.356051
0.354582
0.353108
0.351631
0.350149
0.348663
0.347174
0.34568
0.344182
0.342681
0.341175
0.339666
0.338153
0.336636
0.335116
0.333592
0.332065
0.330534
0.328999
0.327461
0.32592
0.324375
0.322828
0.321277
0.319723
0.318166
0.316606
0.315043
0.313477
0.311908
0.310337
0.308763
0.307186
0.305607
0.304026
0.302442
0.300856
0.299267
0.297677
0.296084
0.29449
0.292893
0.291295
0.289695
0.288093
0.28649
0.284886
0.28328
0.281673
0.280064
0.278455
0.276845
0.275234
0.273622
0.272009
0.270396
0.268783
0.26717
0.265556
0.263942
0.262328
0.260715
0.259102
0.257489
0.255877
0.254266
0.252655
0.251046
0.249438
0.247831
0.405007
0.403694
0.402375
0.401052
0.399723
0.39839
0.397051
0.395708
0.39436
0.393007
0.391649
0.390286
0.388919
0.387547
0.38617
0.384788
0.383401
0.38201
0.380614
0.379214
0.377809
0.376399
0.374985
0.373566
0.372143
0.370715
0.369283
0.367846
0.366405
0.36496
0.363511
0.362057
0.360599
0.359136
0.35767
0.3562
0.354725
0.353246
0.351764
0.350277
0.348787
0.347292
0.345794
0.344292
0.342787
0.341278
0.339765
0.338248
0.336728
0.335205
0.333678
0.332148
0.330614
0.329077
0.327537
0.325994
0.324448
0.322899
0.321347
0.319792
0.318234
0.316674
0.31511
0.313545
0.311976
0.310405
0.308832
0.307257
0.305679
0.304099
0.302517
0.300933
0.299347
0.297759
0.29617
0.294578
0.292986
0.291391
0.289796
0.288199
0.2866
0.285001
0.283401
0.2818
0.280198
0.278595
0.276992
0.275389
0.273785
0.27218
0.270576
0.268972
0.267368
0.265764
0.26416
0.262557
0.260955
0.259353
0.257753
0.256153
0.254555
0.410665
0.409363
0.408056
0.406744
0.405427
0.404105
0.402778
0.401446
0.400109
0.398767
0.397421
0.396069
0.394713
0.393352
0.391986
0.390616
0.389241
0.387861
0.386476
0.385087
0.383693
0.382294
0.380891
0.379484
0.378072
0.376655
0.375234
0.373809
0.372379
0.370945
0.369507
0.368064
0.366617
0.365166
0.363711
0.362252
0.360788
0.359321
0.357849
0.356374
0.354894
0.353411
0.351924
0.350433
0.348939
0.34744
0.345938
0.344433
0.342924
0.341411
0.339896
0.338376
0.336854
0.335328
0.333799
0.332266
0.330731
0.329193
0.327651
0.326107
0.32456
0.32301
0.321458
0.319903
0.318345
0.316785
0.315222
0.313657
0.31209
0.31052
0.308949
0.307375
0.3058
0.304222
0.302643
0.301062
0.299479
0.297895
0.29631
0.294723
0.293135
0.291545
0.289955
0.288364
0.286771
0.285179
0.283585
0.281991
0.280396
0.278802
0.277207
0.275612
0.274017
0.272422
0.270827
0.269233
0.267639
0.266047
0.264455
0.262863
0.261273
0.416324
0.415033
0.413738
0.412437
0.411131
0.40982
0.408505
0.407184
0.405858
0.404528
0.403193
0.401853
0.400508
0.399158
0.397804
0.396444
0.39508
0.393712
0.392338
0.39096
0.389578
0.388191
0.386799
0.385403
0.384002
0.382596
0.381187
0.379772
0.378354
0.376931
0.375504
0.374072
0.372636
0.371196
0.369752
0.368304
0.366852
0.365395
0.363935
0.36247
0.361002
0.35953
0.358054
0.356574
0.35509
0.353603
0.352112
0.350618
0.34912
0.347618
0.346113
0.344604
0.343093
0.341578
0.340059
0.338538
0.337013
0.335486
0.333955
0.332422
0.330885
0.329346
0.327804
0.32626
0.324712
0.323163
0.321611
0.320056
0.318499
0.31694
0.315379
0.313815
0.31225
0.310683
0.309114
0.307543
0.30597
0.304396
0.302821
0.301244
0.299666
0.298086
0.296506
0.294924
0.293341
0.291758
0.290174
0.288589
0.287004
0.285419
0.283833
0.282247
0.280661
0.279075
0.277489
0.275904
0.274319
0.272735
0.271151
0.269568
0.267987
0.421983
0.420704
0.419419
0.41813
0.416835
0.415536
0.414231
0.412922
0.411608
0.410289
0.408965
0.407636
0.406302
0.404964
0.403621
0.402273
0.40092
0.399563
0.398201
0.396834
0.395462
0.394086
0.392706
0.391321
0.389931
0.388537
0.387138
0.385735
0.384328
0.382916
0.3815
0.38008
0.378655
0.377226
0.375793
0.374356
0.372914
0.371469
0.37002
0.368566
0.367109
0.365648
0.364183
0.362714
0.361241
0.359765
0.358285
0.356801
0.355314
0.353823
0.352329
0.350831
0.34933
0.347826
0.346318
0.344808
0.343294
0.341777
0.340257
0.338734
0.337208
0.33568
0.334148
0.332614
0.331077
0.329538
0.327996
0.326452
0.324906
0.323357
0.321806
0.320253
0.318698
0.31714
0.315581
0.314021
0.312458
0.310894
0.309328
0.307761
0.306193
0.304623
0.303052
0.30148
0.299907
0.298333
0.296758
0.295183
0.293607
0.292031
0.290454
0.288877
0.2873
0.285723
0.284146
0.282569
0.280993
0.279417
0.277842
0.276267
0.274693
0.427641
0.426372
0.425099
0.423821
0.422538
0.42125
0.419957
0.418659
0.417356
0.416048
0.414736
0.413418
0.412096
0.410769
0.409437
0.4081
0.406759
0.405412
0.404061
0.402706
0.401346
0.399981
0.398611
0.397238
0.395859
0.394476
0.393089
0.391697
0.3903
0.3889
0.387495
0.386085
0.384672
0.383254
0.381832
0.380406
0.378975
0.377541
0.376103
0.37466
0.373214
0.371764
0.370309
0.368851
0.36739
0.365924
0.364455
0.362982
0.361506
0.360026
0.358542
0.357055
0.355565
0.354072
0.352575
0.351075
0.349571
0.348065
0.346556
0.345043
0.343528
0.34201
0.340489
0.338965
0.337439
0.33591
0.334379
0.332845
0.331308
0.32977
0.328229
0.326686
0.325141
0.323594
0.322045
0.320494
0.318941
0.317387
0.315831
0.314274
0.312715
0.311155
0.309593
0.308031
0.306467
0.304903
0.303337
0.301771
0.300204
0.298637
0.297069
0.295501
0.293933
0.292365
0.290796
0.289228
0.28766
0.286092
0.284525
0.282959
0.281393
0.433296
0.432039
0.430777
0.429511
0.428239
0.426962
0.42568
0.424394
0.423102
0.421806
0.420504
0.419198
0.417887
0.416571
0.41525
0.413925
0.412595
0.41126
0.40992
0.408576
0.407227
0.405873
0.404515
0.403152
0.401784
0.400413
0.399036
0.397655
0.39627
0.394881
0.393487
0.392088
0.390686
0.389279
0.387868
0.386453
0.385034
0.38361
0.382183
0.380751
0.379316
0.377876
0.376433
0.374986
0.373535
0.37208
0.370622
0.36916
0.367694
0.366225
0.364752
0.363276
0.361796
0.360314
0.358827
0.357338
0.355845
0.354349
0.35285
0.351348
0.349844
0.348336
0.346825
0.345312
0.343796
0.342277
0.340756
0.339232
0.337706
0.336178
0.334647
0.333114
0.331579
0.330042
0.328503
0.326962
0.325419
0.323874
0.322328
0.32078
0.319231
0.31768
0.316128
0.314575
0.313021
0.311466
0.30991
0.308353
0.306795
0.305237
0.303678
0.302118
0.300559
0.298999
0.297439
0.295879
0.29432
0.29276
0.291201
0.289643
0.288085
0.438948
0.437703
0.436452
0.435197
0.433936
0.432671
0.4314
0.430125
0.428845
0.42756
0.426269
0.424974
0.423675
0.42237
0.42106
0.419746
0.418427
0.417103
0.415775
0.414442
0.413104
0.411761
0.410414
0.409063
0.407706
0.406346
0.40498
0.403611
0.402237
0.400858
0.399475
0.398088
0.396696
0.395301
0.3939
0.392496
0.391088
0.389675
0.388259
0.386838
0.385414
0.383985
0.382553
0.381116
0.379676
0.378232
0.376785
0.375333
0.373878
0.37242
0.370958
0.369492
0.368023
0.366551
0.365075
0.363596
0.362114
0.360629
0.35914
0.357649
0.356154
0.354657
0.353157
0.351653
0.350148
0.348639
0.347128
0.345615
0.344099
0.34258
0.341059
0.339536
0.338011
0.336484
0.334955
0.333423
0.33189
0.330355
0.328819
0.32728
0.325741
0.324199
0.322657
0.321113
0.319568
0.318022
0.316475
0.314927
0.313378
0.311829
0.310278
0.308728
0.307177
0.305626
0.304074
0.302523
0.300971
0.29942
0.297869
0.296319
0.294769
0.444596
0.443362
0.442123
0.440879
0.43963
0.438375
0.437116
0.435852
0.434583
0.433309
0.43203
0.430747
0.429458
0.428165
0.426866
0.425563
0.424256
0.422943
0.421626
0.420304
0.418977
0.417646
0.41631
0.414969
0.413624
0.412274
0.41092
0.409561
0.408198
0.406831
0.405459
0.404083
0.402702
0.401317
0.399928
0.398535
0.397137
0.395736
0.39433
0.39292
0.391507
0.390089
0.388667
0.387242
0.385812
0.384379
0.382942
0.381501
0.380057
0.378609
0.377158
0.375703
0.374244
0.372783
0.371317
0.369849
0.368377
0.366902
0.365424
0.363943
0.362459
0.360972
0.359482
0.357989
0.356493
0.354995
0.353494
0.35199
0.350484
0.348976
0.347465
0.345952
0.344436
0.342919
0.341399
0.339878
0.338354
0.336829
0.335302
0.333773
0.332243
0.330711
0.329178
0.327643
0.326107
0.32457
0.323032
0.321493
0.319953
0.318412
0.316871
0.315329
0.313787
0.312244
0.310701
0.309157
0.307614
0.306071
0.304528
0.302985
0.301443
0.450239
0.449016
0.447788
0.446556
0.445318
0.444075
0.442827
0.441574
0.440317
0.439054
0.437786
0.436514
0.435236
0.433954
0.432667
0.431375
0.430079
0.428777
0.427471
0.42616
0.424845
0.423524
0.4222
0.42087
0.419536
0.418197
0.416854
0.415507
0.414155
0.412798
0.411437
0.410072
0.408702
0.407328
0.40595
0.404568
0.403181
0.40179
0.400396
0.398997
0.397594
0.396187
0.394776
0.393361
0.391942
0.39052
0.389093
0.387663
0.38623
0.384792
0.383352
0.381907
0.380459
0.379008
0.377553
0.376095
0.374634
0.373169
0.371701
0.37023
0.368756
0.36728
0.3658
0.364317
0.362831
0.361343
0.359852
0.358359
0.356863
0.355364
0.353863
0.35236
0.350854
0.349346
0.347836
0.346324
0.344811
0.343295
0.341777
0.340258
0.338737
0.337214
0.33569
0.334164
0.332638
0.33111
0.32958
0.32805
0.326519
0.324987
0.323454
0.321921
0.320387
0.318853
0.317318
0.315783
0.314248
0.312712
0.311177
0.309642
0.308108
0.455876
0.454665
0.453448
0.452227
0.451
0.449769
0.448532
0.447291
0.446044
0.444793
0.443536
0.442275
0.441009
0.439738
0.438462
0.437181
0.435896
0.434605
0.43331
0.432011
0.430706
0.429397
0.428083
0.426765
0.425442
0.424114
0.422782
0.421446
0.420104
0.418759
0.417409
0.416055
0.414696
0.413333
0.411966
0.410594
0.409218
0.407838
0.406454
0.405066
0.403674
0.402278
0.400877
0.399473
0.398065
0.396653
0.395238
0.393818
0.392395
0.390968
0.389538
0.388104
0.386667
0.385226
0.383781
0.382334
0.380882
0.379428
0.377971
0.37651
0.375046
0.37358
0.37211
0.370637
0.369162
0.367684
0.366203
0.364719
0.363233
0.361744
0.360253
0.358759
0.357263
0.355765
0.354265
0.352762
0.351258
0.349752
0.348243
0.346733
0.345222
0.343708
0.342193
0.340677
0.339159
0.33764
0.33612
0.334598
0.333076
0.331552
0.330028
0.328503
0.326978
0.325452
0.323925
0.322398
0.320871
0.319344
0.317816
0.316289
0.314762
0.461506
0.460306
0.459101
0.457891
0.456676
0.455455
0.45423
0.453
0.451765
0.450524
0.449279
0.448029
0.446774
0.445514
0.44425
0.44298
0.441706
0.440427
0.439143
0.437854
0.436561
0.435263
0.43396
0.432653
0.431341
0.430024
0.428703
0.427377
0.426047
0.424712
0.423373
0.42203
0.420682
0.41933
0.417974
0.416613
0.415248
0.413879
0.412505
0.411128
0.409746
0.408361
0.406971
0.405578
0.404181
0.402779
0.401374
0.399965
0.398553
0.397136
0.395716
0.394293
0.392866
0.391435
0.390001
0.388564
0.387123
0.385679
0.384232
0.382781
0.381328
0.379871
0.378411
0.376949
0.375483
0.374015
0.372544
0.37107
0.369594
0.368115
0.366633
0.36515
0.363663
0.362175
0.360684
0.359191
0.357696
0.356199
0.3547
0.353199
0.351697
0.350192
0.348687
0.347179
0.34567
0.34416
0.342649
0.341136
0.339622
0.338107
0.336592
0.335075
0.333558
0.33204
0.330522
0.329003
0.327484
0.325964
0.324445
0.322925
0.321406
0.467129
0.46594
0.464747
0.463548
0.462344
0.461135
0.459921
0.458702
0.457478
0.456249
0.455015
0.453776
0.452532
0.451283
0.45003
0.448771
0.447508
0.44624
0.444967
0.44369
0.442407
0.44112
0.439829
0.438532
0.437231
0.435926
0.434616
0.433301
0.431982
0.430658
0.42933
0.427997
0.42666
0.425319
0.423973
0.422623
0.421269
0.419911
0.418548
0.417181
0.415811
0.414436
0.413057
0.411674
0.410287
0.408897
0.407502
0.406104
0.404701
0.403296
0.401886
0.400473
0.399056
0.397636
0.396212
0.394785
0.393355
0.391921
0.390484
0.389043
0.3876
0.386153
0.384704
0.383251
0.381795
0.380337
0.378876
0.377412
0.375945
0.374476
0.373004
0.37153
0.370053
0.368574
0.367093
0.365609
0.364124
0.362636
0.361146
0.359655
0.358161
0.356666
0.355169
0.353671
0.352171
0.350669
0.349167
0.347663
0.346158
0.344651
0.343144
0.341636
0.340127
0.338617
0.337107
0.335596
0.334085
0.332573
0.331062
0.32955
0.328038
0.472744
0.471566
0.470384
0.469196
0.468003
0.466805
0.465603
0.464395
0.463182
0.461964
0.460741
0.459514
0.458281
0.457044
0.455801
0.454554
0.453302
0.452045
0.450783
0.449517
0.448245
0.446969
0.445689
0.444403
0.443113
0.441819
0.440519
0.439216
0.437907
0.436595
0.435277
0.433955
0.432629
0.431299
0.429964
0.428625
0.427281
0.425934
0.424582
0.423226
0.421866
0.420501
0.419133
0.417761
0.416384
0.415004
0.41362
0.412232
0.410841
0.409445
0.408046
0.406643
0.405237
0.403827
0.402413
0.400997
0.399576
0.398152
0.396725
0.395295
0.393862
0.392425
0.390986
0.389543
0.388097
0.386649
0.385197
0.383743
0.382286
0.380827
0.379364
0.3779
0.376433
0.374963
0.373491
0.372017
0.370541
0.369062
0.367582
0.366099
0.364615
0.363129
0.361641
0.360151
0.35866
0.357168
0.355674
0.354178
0.352682
0.351184
0.349685
0.348185
0.346684
0.345183
0.343681
0.342178
0.340674
0.339171
0.337667
0.336162
0.334658
0.478349
0.477183
0.476011
0.474835
0.473654
0.472467
0.471276
0.470079
0.468877
0.467671
0.466459
0.465243
0.464021
0.462795
0.461563
0.460327
0.459086
0.45784
0.45659
0.455334
0.454074
0.452809
0.451539
0.450265
0.448986
0.447702
0.446414
0.445121
0.443823
0.442521
0.441215
0.439904
0.438589
0.437269
0.435945
0.434616
0.433284
0.431947
0.430605
0.42926
0.42791
0.426557
0.425199
0.423837
0.422472
0.421102
0.419728
0.418351
0.41697
0.415584
0.414196
0.412803
0.411407
0.410007
0.408604
0.407197
0.405787
0.404374
0.402957
0.401536
0.400113
0.398686
0.397257
0.395824
0.394388
0.392949
0.391508
0.390063
0.388616
0.387166
0.385713
0.384258
0.382801
0.38134
0.379878
0.378413
0.376946
0.375477
0.374005
0.372532
0.371057
0.36958
0.368101
0.36662
0.365138
0.363654
0.362168
0.360681
0.359193
0.357704
0.356213
0.354722
0.353229
0.351736
0.350242
0.348747
0.347251
0.345755
0.344259
0.342762
0.341266
0.483945
0.48279
0.48163
0.480464
0.479294
0.478119
0.476938
0.475753
0.474563
0.473367
0.472167
0.470961
0.469751
0.468536
0.467315
0.46609
0.46486
0.463626
0.462386
0.461141
0.459892
0.458638
0.457379
0.456116
0.454848
0.453575
0.452298
0.451016
0.449729
0.448438
0.447142
0.445842
0.444537
0.443228
0.441915
0.440597
0.439275
0.437949
0.436618
0.435284
0.433945
0.432602
0.431254
0.429903
0.428548
0.427189
0.425825
0.424458
0.423087
0.421713
0.420334
0.418952
0.417566
0.416177
0.414783
0.413387
0.411987
0.410583
0.409176
0.407766
0.406353
0.404936
0.403516
0.402093
0.400667
0.399238
0.397806
0.396371
0.394934
0.393493
0.39205
0.390605
0.389156
0.387706
0.386253
0.384797
0.383339
0.381879
0.380417
0.378953
0.377486
0.376018
0.374548
0.373076
0.371602
0.370127
0.36865
0.367172
0.365692
0.364211
0.362729
0.361246
0.359762
0.358276
0.35679
0.355303
0.353815
0.352327
0.350838
0.349349
0.34786
0.489529
0.488386
0.487237
0.486083
0.484924
0.48376
0.482591
0.481416
0.480237
0.479053
0.477864
0.476669
0.47547
0.474266
0.473057
0.471843
0.470624
0.4694
0.468171
0.466938
0.465699
0.464456
0.463209
0.461956
0.460699
0.459437
0.45817
0.456899
0.455623
0.454343
0.453058
0.451769
0.450475
0.449177
0.447874
0.446567
0.445256
0.44394
0.44262
0.441296
0.439967
0.438635
0.437298
0.435957
0.434612
0.433264
0.431911
0.430554
0.429193
0.427829
0.426461
0.425089
0.423713
0.422334
0.420951
0.419564
0.418174
0.416781
0.415384
0.413984
0.41258
0.411173
0.409763
0.40835
0.406934
0.405515
0.404092
0.402667
0.401239
0.399808
0.398375
0.396939
0.3955
0.394058
0.392614
0.391168
0.389719
0.388269
0.386815
0.38536
0.383903
0.382443
0.380982
0.379519
0.378054
0.376587
0.375119
0.373649
0.372178
0.370706
0.369232
0.367757
0.36628
0.364803
0.363325
0.361846
0.360366
0.358885
0.357404
0.355923
0.354441
0.495103
0.493971
0.492833
0.49169
0.490543
0.48939
0.488232
0.487068
0.4859
0.484727
0.483549
0.482366
0.481178
0.479984
0.478786
0.477583
0.476375
0.475163
0.473945
0.472723
0.471495
0.470263
0.469026
0.467785
0.466538
0.465287
0.464031
0.462771
0.461506
0.460237
0.458962
0.457684
0.456401
0.455113
0.453821
0.452525
0.451224
0.449919
0.448609
0.447296
0.445978
0.444656
0.443329
0.441999
0.440665
0.439326
0.437984
0.436637
0.435287
0.433933
0.432575
0.431213
0.429848
0.428478
0.427106
0.425729
0.424349
0.422966
0.421579
0.420188
0.418795
0.417398
0.415998
0.414594
0.413188
0.411778
0.410365
0.40895
0.407531
0.40611
0.404686
0.403259
0.40183
0.400398
0.398963
0.397526
0.396086
0.394644
0.3932
0.391754
0.390306
0.388855
0.387403
0.385948
0.384492
0.383034
0.381574
0.380113
0.37865
0.377186
0.37572
0.374253
0.372785
0.371316
0.369846
0.368374
0.366902
0.365429
0.363956
0.362482
0.361007
0.500665
0.499544
0.498417
0.497286
0.496149
0.495007
0.49386
0.492708
0.491551
0.490389
0.489222
0.48805
0.486873
0.485691
0.484504
0.483312
0.482115
0.480913
0.479706
0.478495
0.477279
0.476057
0.474831
0.473601
0.472365
0.471125
0.46988
0.46863
0.467376
0.466117
0.464854
0.463586
0.462314
0.461037
0.459755
0.45847
0.457179
0.455885
0.454586
0.453283
0.451975
0.450664
0.449348
0.448028
0.446704
0.445376
0.444044
0.442708
0.441368
0.440024
0.438676
0.437324
0.435969
0.43461
0.433247
0.431881
0.430511
0.429137
0.42776
0.42638
0.424996
0.423609
0.422218
0.420825
0.419428
0.418028
0.416625
0.415219
0.41381
0.412398
0.410983
0.409566
0.408146
0.406723
0.405297
0.403869
0.402439
0.401006
0.399571
0.398134
0.396694
0.395253
0.393809
0.392363
0.390916
0.389466
0.388015
0.386562
0.385108
0.383652
0.382194
0.380735
0.379275
0.377814
0.376352
0.374888
0.373424
0.371959
0.370493
0.369026
0.367559
0.506214
0.505104
0.503989
0.502868
0.501743
0.500612
0.499477
0.498336
0.49719
0.496039
0.494883
0.493722
0.492556
0.491385
0.490209
0.489028
0.487842
0.486651
0.485455
0.484254
0.483049
0.481839
0.480623
0.479404
0.478179
0.476949
0.475715
0.474477
0.473233
0.471985
0.470732
0.469475
0.468213
0.466947
0.465676
0.464401
0.463121
0.461837
0.460549
0.459256
0.45796
0.456658
0.455353
0.454043
0.45273
0.451412
0.45009
0.448764
0.447434
0.446101
0.444763
0.443422
0.442076
0.440727
0.439375
0.438018
0.436658
0.435295
0.433928
0.432557
0.431183
0.429806
0.428425
0.427041
0.425654
0.424263
0.42287
0.421473
0.420074
0.418672
0.417266
0.415858
0.414447
0.413034
0.411617
0.410199
0.408777
0.407353
0.405927
0.404499
0.403068
0.401635
0.4002
0.398763
0.397324
0.395883
0.394441
0.392996
0.39155
0.390102
0.388653
0.387202
0.38575
0.384297
0.382843
0.381387
0.37993
0.378473
0.377015
0.375555
0.374095
0.51175
0.510651
0.509547
0.508438
0.507324
0.506204
0.505079
0.50395
0.502815
0.501675
0.50053
0.49938
0.498225
0.497065
0.4959
0.49473
0.493555
0.492375
0.49119
0.49
0.488806
0.487606
0.486402
0.485193
0.483979
0.48276
0.481537
0.480309
0.479076
0.477839
0.476597
0.47535
0.474099
0.472843
0.471583
0.470319
0.46905
0.467776
0.466498
0.465216
0.463929
0.462639
0.461344
0.460045
0.458741
0.457434
0.456122
0.454807
0.453487
0.452163
0.450836
0.449505
0.448169
0.44683
0.445488
0.444141
0.442791
0.441437
0.44008
0.438719
0.437355
0.435988
0.434617
0.433242
0.431865
0.430484
0.4291
0.427713
0.426323
0.42493
0.423534
0.422135
0.420734
0.419329
0.417922
0.416512
0.4151
0.413685
0.412268
0.410849
0.409427
0.408003
0.406576
0.405148
0.403718
0.402285
0.400851
0.399415
0.397977
0.396538
0.395097
0.393654
0.39221
0.390765
0.389318
0.38787
0.386421
0.384971
0.383521
0.382069
0.380616
0.517272
0.516184
0.515091
0.513993
0.51289
0.511782
0.510668
0.50955
0.508426
0.507297
0.506163
0.505024
0.50388
0.502731
0.501577
0.500418
0.499254
0.498085
0.496911
0.495732
0.494548
0.49336
0.492166
0.490968
0.489765
0.488557
0.487344
0.486127
0.484905
0.483678
0.482447
0.481211
0.47997
0.478725
0.477476
0.476222
0.474963
0.4737
0.472433
0.471161
0.469885
0.468604
0.46732
0.466031
0.464738
0.463441
0.462139
0.460834
0.459524
0.458211
0.456894
0.455572
0.454247
0.452918
0.451586
0.450249
0.448909
0.447565
0.446218
0.444867
0.443512
0.442154
0.440793
0.439428
0.43806
0.436689
0.435315
0.433937
0.432557
0.431173
0.429786
0.428397
0.427004
0.425609
0.424211
0.422811
0.421407
0.420002
0.418593
0.417183
0.41577
0.414354
0.412937
0.411517
0.410095
0.408671
0.407245
0.405818
0.404388
0.402957
0.401524
0.40009
0.398654
0.397216
0.395777
0.394337
0.392896
0.391454
0.390011
0.388566
0.387121
0.52278
0.521703
0.520621
0.519534
0.518442
0.517345
0.516243
0.515135
0.514022
0.512904
0.511781
0.510653
0.50952
0.508382
0.507239
0.506091
0.504938
0.50378
0.502617
0.501449
0.500276
0.499098
0.497915
0.496728
0.495535
0.494338
0.493136
0.49193
0.490718
0.489502
0.488282
0.487056
0.485826
0.484592
0.483353
0.482109
0.480861
0.479609
0.478352
0.47709
0.475825
0.474555
0.47328
0.472002
0.470719
0.469432
0.468141
0.466846
0.465546
0.464243
0.462936
0.461625
0.460309
0.458991
0.457668
0.456341
0.455011
0.453677
0.452339
0.450998
0.449653
0.448305
0.446954
0.445598
0.44424
0.442878
0.441513
0.440145
0.438774
0.4374
0.436023
0.434642
0.433259
0.431873
0.430484
0.429093
0.427698
0.426302
0.424902
0.4235
0.422096
0.420689
0.41928
0.417869
0.416456
0.415041
0.413623
0.412204
0.410783
0.40936
0.407935
0.406509
0.405081
0.403651
0.40222
0.400788
0.399355
0.39792
0.396484
0.395047
0.39361
0.528272
0.527207
0.526136
0.52506
0.523979
0.522893
0.521802
0.520705
0.519603
0.518497
0.517385
0.516268
0.515145
0.514018
0.512886
0.511749
0.510607
0.509459
0.508307
0.50715
0.505988
0.504821
0.503649
0.502472
0.501291
0.500104
0.498913
0.497717
0.496516
0.495311
0.494101
0.492886
0.491667
0.490443
0.489214
0.487981
0.486744
0.485501
0.484255
0.483004
0.481749
0.480489
0.479225
0.477957
0.476684
0.475407
0.474126
0.472841
0.471552
0.470259
0.468962
0.467661
0.466355
0.465046
0.463734
0.462417
0.461097
0.459772
0.458445
0.457113
0.455778
0.45444
0.453098
0.451752
0.450403
0.449051
0.447696
0.446337
0.444975
0.44361
0.442242
0.440871
0.439497
0.43812
0.43674
0.435358
0.433973
0.432585
0.431194
0.429801
0.428406
0.427008
0.425607
0.424205
0.4228
0.421393
0.419984
0.418573
0.41716
0.415745
0.414329
0.41291
0.411491
0.410069
0.408646
0.407221
0.405796
0.404369
0.40294
0.401511
0.400081
0.533749
0.532695
0.531635
0.530571
0.529501
0.528425
0.527345
0.526259
0.525169
0.524073
0.522972
0.521866
0.520755
0.519638
0.518517
0.517391
0.516259
0.515123
0.513982
0.512835
0.511684
0.510528
0.509367
0.508201
0.50703
0.505854
0.504674
0.503488
0.502298
0.501103
0.499904
0.4987
0.497491
0.496277
0.495059
0.493837
0.49261
0.491378
0.490142
0.488901
0.487656
0.486407
0.485153
0.483895
0.482633
0.481366
0.480095
0.47882
0.477541
0.476258
0.474971
0.47368
0.472385
0.471086
0.469783
0.468476
0.467165
0.465851
0.464533
0.463211
0.461886
0.460557
0.459225
0.457889
0.456549
0.455207
0.453861
0.452511
0.451159
0.449803
0.448444
0.447083
0.445718
0.44435
0.442979
0.441606
0.440229
0.43885
0.437469
0.436085
0.434698
0.433309
0.431917
0.430523
0.429127
0.427728
0.426328
0.424925
0.42352
0.422114
0.420705
0.419295
0.417883
0.416469
0.415054
0.413637
0.412219
0.4108
0.409379
0.407957
0.406534
0.53921
0.538167
0.537118
0.536065
0.535006
0.533942
0.532872
0.531798
0.530718
0.529633
0.528543
0.527448
0.526348
0.525242
0.524132
0.523016
0.521896
0.52077
0.51964
0.518504
0.517364
0.516218
0.515068
0.513912
0.512752
0.511587
0.510417
0.509243
0.508063
0.506879
0.50569
0.504496
0.503298
0.502095
0.500888
0.499675
0.498459
0.497237
0.496012
0.494781
0.493547
0.492307
0.491064
0.489816
0.488564
0.487308
0.486047
0.484782
0.483513
0.48224
0.480963
0.479682
0.478397
0.477108
0.475814
0.474518
0.473217
0.471912
0.470604
0.469292
0.467976
0.466657
0.465334
0.464008
0.462678
0.461345
0.460008
0.458668
0.457325
0.455979
0.454629
0.453276
0.451921
0.450562
0.4492
0.447836
0.446469
0.445098
0.443726
0.44235
0.440972
0.439592
0.438209
0.436823
0.435435
0.434045
0.432653
0.431259
0.429862
0.428464
0.427064
0.425661
0.424257
0.422852
0.421444
0.420035
0.418625
0.417213
0.4158
0.414386
0.41297
0.544654
0.543622
0.542585
0.541542
0.540494
0.539441
0.538383
0.537319
0.53625
0.535176
0.534097
0.533013
0.531924
0.530829
0.529729
0.528625
0.527515
0.5264
0.525281
0.524156
0.523026
0.521891
0.520752
0.519607
0.518458
0.517303
0.516144
0.51498
0.513811
0.512637
0.511459
0.510276
0.509088
0.507895
0.506698
0.505497
0.50429
0.503079
0.501864
0.500644
0.499419
0.498191
0.496957
0.49572
0.494478
0.493232
0.491981
0.490726
0.489468
0.488205
0.486937
0.485666
0.484391
0.483112
0.481828
0.480541
0.47925
0.477955
0.476657
0.475355
0.474048
0.472739
0.471426
0.470109
0.468788
0.467465
0.466137
0.464807
0.463473
0.462136
0.460796
0.459452
0.458106
0.456756
0.455403
0.454048
0.452689
0.451328
0.449964
0.448597
0.447228
0.445856
0.444482
0.443105
0.441726
0.440344
0.43896
0.437574
0.436186
0.434796
0.433404
0.43201
0.430614
0.429216
0.427816
0.426415
0.425012
0.423608
0.422203
0.420796
0.419388
0.550081
0.54906
0.548034
0.547002
0.545965
0.544923
0.543876
0.542823
0.541765
0.540702
0.539634
0.538561
0.537482
0.536398
0.53531
0.534216
0.533117
0.532013
0.530904
0.52979
0.528671
0.527547
0.526418
0.525284
0.524145
0.523001
0.521853
0.520699
0.519541
0.518378
0.51721
0.516037
0.51486
0.513678
0.512491
0.5113
0.510104
0.508903
0.507698
0.506488
0.505274
0.504056
0.502833
0.501605
0.500374
0.499137
0.497897
0.496652
0.495404
0.49415
0.492893
0.491632
0.490367
0.489097
0.487824
0.486547
0.485265
0.48398
0.482691
0.481399
0.480102
0.478802
0.477499
0.476191
0.47488
0.473566
0.472248
0.470927
0.469602
0.468275
0.466943
0.465609
0.464272
0.462931
0.461588
0.460241
0.458891
0.457539
0.456184
0.454826
0.453465
0.452102
0.450736
0.449368
0.447997
0.446624
0.445249
0.443871
0.442491
0.441109
0.439725
0.438339
0.436951
0.435561
0.434169
0.432776
0.431381
0.429984
0.428586
0.427187
0.425786
0.555491
0.554481
0.553465
0.552444
0.551418
0.550387
0.549351
0.548309
0.547262
0.54621
0.545153
0.54409
0.543023
0.54195
0.540872
0.539789
0.538701
0.537607
0.536509
0.535406
0.534298
0.533184
0.532066
0.530943
0.529814
0.528681
0.527543
0.5264
0.525253
0.5241
0.522943
0.52178
0.520613
0.519442
0.518266
0.517085
0.515899
0.514709
0.513514
0.512314
0.511111
0.509902
0.508689
0.507472
0.506251
0.505025
0.503794
0.50256
0.501321
0.500078
0.498831
0.497579
0.496324
0.495064
0.493801
0.492533
0.491262
0.489986
0.488707
0.487424
0.486137
0.484847
0.483552
0.482255
0.480953
0.479648
0.47834
0.477028
0.475713
0.474394
0.473072
0.471747
0.470419
0.469087
0.467753
0.466415
0.465074
0.463731
0.462385
0.461035
0.459683
0.458329
0.456972
0.455612
0.45425
0.452885
0.451518
0.450148
0.448777
0.447403
0.446027
0.444649
0.443269
0.441887
0.440503
0.439117
0.43773
0.436341
0.434951
0.433559
0.432165
0.560882
0.559883
0.558878
0.557868
0.556853
0.555833
0.554808
0.553777
0.552741
0.551699
0.550653
0.549601
0.548545
0.547483
0.546415
0.545343
0.544266
0.543183
0.542096
0.541003
0.539906
0.538803
0.537695
0.536583
0.535465
0.534342
0.533215
0.532083
0.530945
0.529803
0.528656
0.527505
0.526348
0.525187
0.524021
0.52285
0.521675
0.520495
0.519311
0.518121
0.516928
0.51573
0.514527
0.51332
0.512108
0.510893
0.509672
0.508448
0.507219
0.505986
0.504748
0.503507
0.502261
0.501012
0.499758
0.4985
0.497238
0.495973
0.494703
0.49343
0.492153
0.490872
0.489587
0.488299
0.487007
0.485711
0.484412
0.483109
0.481803
0.480494
0.479181
0.477865
0.476546
0.475224
0.473898
0.472569
0.471238
0.469903
0.468565
0.467225
0.465882
0.464536
0.463187
0.461836
0.460482
0.459126
0.457767
0.456406
0.455043
0.453677
0.452309
0.450939
0.449567
0.448193
0.446817
0.445439
0.44406
0.442678
0.441295
0.439911
0.438525
0.566254
0.565266
0.564273
0.563274
0.56227
0.56126
0.560246
0.559226
0.558201
0.55717
0.556135
0.555094
0.554048
0.552996
0.55194
0.550879
0.549812
0.54874
0.547663
0.546581
0.545495
0.544402
0.543305
0.542203
0.541096
0.539984
0.538867
0.537746
0.536619
0.535487
0.534351
0.53321
0.532063
0.530913
0.529757
0.528597
0.527432
0.526262
0.525088
0.523909
0.522726
0.521538
0.520345
0.519148
0.517947
0.516741
0.515531
0.514316
0.513097
0.511874
0.510647
0.509415
0.508179
0.50694
0.505696
0.504448
0.503196
0.50194
0.50068
0.499416
0.498148
0.496877
0.495602
0.494323
0.49304
0.491754
0.490464
0.489171
0.487874
0.486574
0.48527
0.483964
0.482653
0.48134
0.480023
0.478704
0.477381
0.476055
0.474726
0.473395
0.47206
0.470723
0.469383
0.46804
0.466695
0.465347
0.463996
0.462644
0.461288
0.459931
0.458571
0.457209
0.455845
0.454479
0.453111
0.451741
0.450369
0.448995
0.44762
0.446243
0.444865
0.571608
0.57063
0.569648
0.56866
0.567667
0.566668
0.565664
0.564655
0.563641
0.562621
0.561597
0.560567
0.559531
0.558491
0.557445
0.556395
0.555339
0.554278
0.553211
0.55214
0.551064
0.549982
0.548896
0.547805
0.546708
0.545607
0.5445
0.543389
0.542273
0.541151
0.540025
0.538895
0.537759
0.536618
0.535473
0.534323
0.533169
0.532009
0.530845
0.529677
0.528503
0.527325
0.526143
0.524956
0.523765
0.522569
0.521369
0.520164
0.518955
0.517742
0.516525
0.515303
0.514077
0.512847
0.511613
0.510375
0.509132
0.507886
0.506636
0.505382
0.504124
0.502862
0.501596
0.500326
0.499053
0.497776
0.496496
0.495212
0.493925
0.492634
0.491339
0.490041
0.48874
0.487436
0.486128
0.484817
0.483504
0.482187
0.480867
0.479544
0.478218
0.476889
0.475558
0.474223
0.472887
0.471547
0.470205
0.468861
0.467514
0.466164
0.464813
0.463459
0.462103
0.460745
0.459384
0.458022
0.456658
0.455292
0.453924
0.452555
0.451184
0.576941
0.575975
0.575003
0.574026
0.573044
0.572056
0.571063
0.570065
0.569062
0.568053
0.567039
0.56602
0.564995
0.563966
0.562931
0.561891
0.560845
0.559795
0.55874
0.557679
0.556613
0.555542
0.554467
0.553386
0.5523
0.551209
0.550113
0.549012
0.547906
0.546796
0.54568
0.544559
0.543434
0.542304
0.541169
0.540029
0.538885
0.537736
0.536582
0.535424
0.534261
0.533093
0.531921
0.530744
0.529563
0.528377
0.527187
0.525992
0.524793
0.52359
0.522382
0.52117
0.519954
0.518734
0.51751
0.516281
0.515048
0.513812
0.512571
0.511327
0.510078
0.508826
0.507569
0.506309
0.505046
0.503778
0.502507
0.501232
0.499954
0.498672
0.497387
0.496098
0.494806
0.493511
0.492212
0.49091
0.489605
0.488297
0.486986
0.485672
0.484355
0.483035
0.481712
0.480386
0.479058
0.477727
0.476393
0.475057
0.473718
0.472377
0.471033
0.469687
0.468339
0.466989
0.465637
0.464282
0.462926
0.461568
0.460208
0.458846
0.457482
0.582255
0.5813
0.580339
0.579373
0.578401
0.577424
0.576442
0.575455
0.574462
0.573464
0.572461
0.571453
0.570439
0.56942
0.568396
0.567366
0.566332
0.565292
0.564247
0.563197
0.562142
0.561082
0.560017
0.558946
0.557871
0.55679
0.555705
0.554615
0.553519
0.552419
0.551314
0.550204
0.549089
0.547969
0.546844
0.545715
0.544581
0.543442
0.542298
0.54115
0.539997
0.538839
0.537677
0.536511
0.535339
0.534164
0.532983
0.531799
0.53061
0.529416
0.528219
0.527017
0.52581
0.5246
0.523385
0.522166
0.520943
0.519716
0.518485
0.51725
0.516011
0.514768
0.513522
0.512271
0.511017
0.509759
0.508497
0.507231
0.505962
0.50469
0.503414
0.502134
0.500851
0.499565
0.498275
0.496982
0.495686
0.494386
0.493084
0.491779
0.49047
0.489159
0.487844
0.486527
0.485207
0.483885
0.482559
0.481231
0.479901
0.478568
0.477233
0.475895
0.474555
0.473212
0.471868
0.470521
0.469173
0.467822
0.46647
0.465115
0.463759
0.587548
0.586604
0.585654
0.584699
0.583738
0.582772
0.581801
0.580824
0.579842
0.578855
0.577862
0.576865
0.575862
0.574853
0.57384
0.572821
0.571797
0.570768
0.569734
0.568695
0.56765
0.5666
0.565546
0.564486
0.563421
0.562351
0.561276
0.560196
0.559111
0.558021
0.556926
0.555827
0.554722
0.553613
0.552498
0.551379
0.550255
0.549126
0.547993
0.546855
0.545712
0.544565
0.543413
0.542256
0.541095
0.539929
0.538759
0.537584
0.536405
0.535222
0.534034
0.532841
0.531645
0.530444
0.529239
0.52803
0.526817
0.525599
0.524378
0.523153
0.521923
0.52069
0.519452
0.518211
0.516966
0.515717
0.514465
0.513209
0.511949
0.510685
0.509418
0.508148
0.506874
0.505597
0.504316
0.503032
0.501745
0.500454
0.49916
0.497864
0.496564
0.495261
0.493955
0.492647
0.491335
0.490021
0.488704
0.487384
0.486062
0.484737
0.48341
0.48208
0.480748
0.479414
0.478078
0.476739
0.475398
0.474055
0.47271
0.471364
0.470015
0.592821
0.591887
0.590948
0.590004
0.589054
0.588099
0.587138
0.586172
0.585201
0.584225
0.583243
0.582256
0.581263
0.580266
0.579263
0.578255
0.577242
0.576223
0.5752
0.574171
0.573137
0.572098
0.571053
0.570004
0.56895
0.56789
0.566826
0.565756
0.564682
0.563602
0.562518
0.561428
0.560334
0.559235
0.558131
0.557022
0.555908
0.554789
0.553666
0.552538
0.551406
0.550268
0.549126
0.54798
0.546828
0.545673
0.544512
0.543348
0.542178
0.541005
0.539827
0.538644
0.537458
0.536267
0.535071
0.533872
0.532668
0.531461
0.530249
0.529033
0.527813
0.526589
0.525361
0.524129
0.522894
0.521654
0.520411
0.519164
0.517913
0.516659
0.515401
0.51414
0.512875
0.511606
0.510335
0.50906
0.507781
0.506499
0.505215
0.503927
0.502635
0.501341
0.500044
0.498744
0.497441
0.496135
0.494827
0.493515
0.492201
0.490885
0.489566
0.488244
0.48692
0.485594
0.484265
0.482934
0.481601
0.480266
0.478929
0.47759
0.476249
0.598072
0.597149
0.596221
0.595287
0.594348
0.593404
0.592454
0.591499
0.590538
0.589573
0.588602
0.587625
0.586644
0.585657
0.584665
0.583667
0.582664
0.581657
0.580643
0.579625
0.578602
0.577573
0.576539
0.5755
0.574457
0.573407
0.572353
0.571294
0.57023
0.569161
0.568087
0.567008
0.565924
0.564835
0.563741
0.562642
0.561539
0.56043
0.559317
0.558199
0.557077
0.55595
0.554818
0.553681
0.55254
0.551394
0.550244
0.549089
0.54793
0.546766
0.545598
0.544425
0.543248
0.542067
0.540881
0.539692
0.538498
0.537299
0.536097
0.534891
0.53368
0.532466
0.531247
0.530025
0.528799
0.527568
0.526334
0.525097
0.523855
0.52261
0.521361
0.520109
0.518853
0.517594
0.516331
0.515065
0.513795
0.512522
0.511246
0.509967
0.508685
0.507399
0.50611
0.504819
0.503524
0.502227
0.500927
0.499624
0.498318
0.49701
0.495699
0.494385
0.493069
0.491751
0.49043
0.489107
0.487782
0.486455
0.485125
0.483793
0.48246
0.603302
0.602389
0.601472
0.600549
0.599621
0.598687
0.597748
0.596804
0.595854
0.594899
0.593939
0.592973
0.592002
0.591026
0.590044
0.589057
0.588065
0.587068
0.586065
0.585057
0.584045
0.583026
0.582003
0.580975
0.579941
0.578903
0.577859
0.57681
0.575756
0.574698
0.573634
0.572565
0.571491
0.570412
0.569329
0.56824
0.567147
0.566049
0.564946
0.563838
0.562726
0.561609
0.560487
0.55936
0.558229
0.557093
0.555953
0.554808
0.553658
0.552504
0.551346
0.550183
0.549016
0.547844
0.546668
0.545488
0.544304
0.543115
0.541923
0.540726
0.539525
0.53832
0.537111
0.535898
0.534681
0.53346
0.532235
0.531007
0.529775
0.528539
0.527299
0.526056
0.524809
0.523558
0.522305
0.521047
0.519787
0.518523
0.517255
0.515985
0.514711
0.513434
0.512154
0.510871
0.509585
0.508296
0.507004
0.505709
0.504412
0.503112
0.501809
0.500504
0.499196
0.497885
0.496573
0.495257
0.49394
0.49262
0.491299
0.489975
0.488649
0.608509
0.607608
0.606701
0.605789
0.604871
0.603949
0.60302
0.602087
0.601147
0.600203
0.599253
0.598298
0.597338
0.596372
0.595401
0.594425
0.593443
0.592457
0.591465
0.590467
0.589465
0.588457
0.587444
0.586427
0.585403
0.584375
0.583342
0.582303
0.58126
0.580211
0.579158
0.578099
0.577036
0.575967
0.574894
0.573816
0.572733
0.571645
0.570552
0.569454
0.568352
0.567245
0.566133
0.565016
0.563895
0.562769
0.561638
0.560503
0.559364
0.55822
0.557071
0.555918
0.554761
0.553599
0.552433
0.551262
0.550087
0.548908
0.547725
0.546538
0.545346
0.544151
0.542951
0.541747
0.54054
0.539328
0.538113
0.536894
0.535671
0.534444
0.533213
0.531979
0.530741
0.5295
0.528255
0.527006
0.525755
0.524499
0.523241
0.521979
0.520714
0.519446
0.518174
0.5169
0.515622
0.514342
0.513058
0.511772
0.510483
0.509191
0.507896
0.506599
0.505299
0.503997
0.502692
0.501385
0.500075
0.498763
0.497449
0.496133
0.494814
0.613694
0.612804
0.611908
0.611006
0.6101
0.609187
0.60827
0.607347
0.606418
0.605485
0.604545
0.603601
0.602651
0.601696
0.600736
0.59977
0.598799
0.597823
0.596841
0.595854
0.594862
0.593865
0.592863
0.591855
0.590843
0.589825
0.588802
0.587774
0.586741
0.585702
0.584659
0.583611
0.582558
0.581499
0.580436
0.579368
0.578295
0.577217
0.576134
0.575047
0.573955
0.572857
0.571755
0.570649
0.569538
0.568422
0.567301
0.566176
0.565046
0.563912
0.562773
0.56163
0.560482
0.55933
0.558173
0.557012
0.555847
0.554678
0.553504
0.552326
0.551144
0.549958
0.548768
0.547574
0.546375
0.545173
0.543967
0.542757
0.541543
0.540325
0.539104
0.537879
0.53665
0.535418
0.534182
0.532942
0.531699
0.530453
0.529203
0.52795
0.526693
0.525434
0.524171
0.522905
0.521636
0.520364
0.519089
0.517811
0.51653
0.515246
0.51396
0.512671
0.511379
0.510084
0.508788
0.507488
0.506186
0.504882
0.503576
0.502267
0.500957
0.618857
0.617977
0.617092
0.616201
0.615305
0.614403
0.613496
0.612584
0.611666
0.610743
0.609815
0.608881
0.607942
0.606997
0.606047
0.605092
0.604131
0.603166
0.602195
0.601218
0.600237
0.59925
0.598258
0.597261
0.596259
0.595251
0.594238
0.593221
0.592198
0.59117
0.590137
0.589099
0.588056
0.587008
0.585955
0.584897
0.583834
0.582766
0.581694
0.580616
0.579534
0.578447
0.577355
0.576258
0.575157
0.574051
0.57294
0.571825
0.570705
0.56958
0.568451
0.567317
0.566179
0.565037
0.56389
0.562739
0.561583
0.560423
0.559259
0.558091
0.556918
0.555742
0.554561
0.553376
0.552187
0.550994
0.549797
0.548596
0.547392
0.546183
0.544971
0.543755
0.542535
0.541311
0.540084
0.538854
0.53762
0.536382
0.535141
0.533897
0.532649
0.531398
0.530144
0.528886
0.527626
0.526362
0.525095
0.523826
0.522553
0.521278
0.519999
0.518718
0.517435
0.516148
0.51486
0.513568
0.512274
0.510978
0.509679
0.508378
0.507075
0.623996
0.623127
0.622253
0.621372
0.620487
0.619596
0.6187
0.617798
0.616891
0.615978
0.61506
0.614137
0.613208
0.612274
0.611335
0.61039
0.60944
0.608485
0.607525
0.606559
0.605588
0.604611
0.60363
0.602643
0.601651
0.600654
0.599651
0.598644
0.597631
0.596614
0.595591
0.594563
0.59353
0.592492
0.59145
0.590402
0.589349
0.588291
0.587229
0.586161
0.585089
0.584012
0.58293
0.581843
0.580752
0.579656
0.578555
0.577449
0.576339
0.575224
0.574105
0.572981
0.571853
0.57072
0.569583
0.568441
0.567295
0.566145
0.56499
0.563831
0.562668
0.561501
0.56033
0.559154
0.557974
0.556791
0.555603
0.554411
0.553216
0.552017
0.550813
0.549606
0.548396
0.547181
0.545963
0.544741
0.543516
0.542287
0.541055
0.539819
0.53858
0.537338
0.536092
0.534843
0.533591
0.532336
0.531078
0.529816
0.528552
0.527285
0.526015
0.524742
0.523467
0.522188
0.520907
0.519624
0.518338
0.517049
0.515759
0.514465
0.51317
0.629112
0.628254
0.62739
0.62652
0.625646
0.624765
0.62388
0.622988
0.622092
0.62119
0.620283
0.61937
0.618452
0.617528
0.616599
0.615665
0.614726
0.613781
0.612831
0.611875
0.610914
0.609949
0.608977
0.608001
0.607019
0.606032
0.60504
0.604043
0.603041
0.602033
0.601021
0.600003
0.598981
0.597953
0.59692
0.595883
0.59484
0.593792
0.59274
0.591682
0.59062
0.589553
0.588481
0.587404
0.586322
0.585236
0.584145
0.583049
0.581949
0.580844
0.579735
0.578621
0.577502
0.576379
0.575251
0.574119
0.572983
0.571842
0.570697
0.569547
0.568394
0.567236
0.566074
0.564908
0.563737
0.562563
0.561384
0.560202
0.559016
0.557825
0.556631
0.555433
0.554232
0.553026
0.551817
0.550604
0.549388
0.548168
0.546944
0.545717
0.544487
0.543253
0.542016
0.540776
0.539532
0.538286
0.537036
0.535783
0.534527
0.533268
0.532006
0.530741
0.529474
0.528204
0.526931
0.525655
0.524377
0.523097
0.521813
0.520528
0.51924
0.634205
0.633357
0.632503
0.631645
0.63078
0.629911
0.629036
0.628155
0.627269
0.626378
0.625481
0.624579
0.623671
0.622758
0.621839
0.620916
0.619987
0.619052
0.618113
0.617167
0.616217
0.615262
0.614301
0.613335
0.612363
0.611387
0.610405
0.609418
0.608426
0.607429
0.606426
0.605419
0.604406
0.603389
0.602366
0.601339
0.600306
0.599269
0.598226
0.597179
0.596126
0.595069
0.594007
0.59294
0.591868
0.590792
0.589711
0.588625
0.587534
0.586439
0.585339
0.584235
0.583126
0.582013
0.580895
0.579772
0.578645
0.577514
0.576378
0.575239
0.574094
0.572946
0.571793
0.570636
0.569475
0.56831
0.567141
0.565968
0.564791
0.563609
0.562424
0.561235
0.560043
0.558846
0.557646
0.556442
0.555235
0.554023
0.552809
0.55159
0.550369
0.549144
0.547915
0.546683
0.545448
0.54421
0.542969
0.541724
0.540477
0.539226
0.537972
0.536716
0.535457
0.534194
0.532929
0.531662
0.530392
0.529119
0.527844
0.526566
0.525286
0.639273
0.638436
0.637593
0.636745
0.635891
0.635032
0.634167
0.633297
0.632422
0.631541
0.630655
0.629763
0.628866
0.627963
0.627055
0.626142
0.625223
0.624299
0.62337
0.622435
0.621495
0.62055
0.6196
0.618644
0.617683
0.616716
0.615745
0.614768
0.613786
0.612799
0.611807
0.61081
0.609808
0.6088
0.607788
0.60677
0.605748
0.60472
0.603687
0.60265
0.601608
0.60056
0.599508
0.598451
0.59739
0.596323
0.595252
0.594176
0.593095
0.592009
0.590919
0.589825
0.588725
0.587621
0.586513
0.5854
0.584283
0.583161
0.582035
0.580905
0.57977
0.578631
0.577487
0.57634
0.575188
0.574032
0.572872
0.571708
0.57054
0.569368
0.568192
0.567012
0.565829
0.564641
0.56345
0.562255
0.561056
0.559854
0.558648
0.557438
0.556225
0.555009
0.553789
0.552566
0.551339
0.55011
0.548877
0.54764
0.546401
0.545159
0.543913
0.542665
0.541414
0.54016
0.538903
0.537643
0.536381
0.535116
0.533849
0.532579
0.531306
0.644317
0.64349
0.642658
0.64182
0.640977
0.640129
0.639275
0.638415
0.63755
0.63668
0.635804
0.634923
0.634036
0.633144
0.632246
0.631343
0.630435
0.629522
0.628603
0.627678
0.626749
0.625814
0.624873
0.623928
0.622977
0.622021
0.62106
0.620093
0.619122
0.618145
0.617163
0.616176
0.615184
0.614186
0.613184
0.612176
0.611164
0.610146
0.609124
0.608096
0.607064
0.606027
0.604984
0.603937
0.602885
0.601829
0.600767
0.599701
0.59863
0.597554
0.596474
0.595389
0.594299
0.593205
0.592106
0.591003
0.589895
0.588783
0.587666
0.586545
0.58542
0.58429
0.583156
0.582018
0.580875
0.579729
0.578578
0.577423
0.576264
0.575101
0.573935
0.572764
0.571589
0.570411
0.569228
0.568042
0.566852
0.565659
0.564462
0.563261
0.562057
0.560849
0.559638
0.558423
0.557205
0.555984
0.554759
0.553531
0.5523
0.551066
0.549829
0.548589
0.547346
0.5461
0.544851
0.5436
0.542345
0.541088
0.539829
0.538567
0.537302
0.649336
0.64852
0.647698
0.646871
0.646039
0.645201
0.644357
0.643508
0.642654
0.641794
0.640928
0.640057
0.639181
0.638299
0.637412
0.63652
0.635622
0.634719
0.63381
0.632896
0.631977
0.631052
0.630122
0.629187
0.628246
0.627301
0.62635
0.625393
0.624432
0.623465
0.622493
0.621516
0.620534
0.619547
0.618555
0.617557
0.616555
0.615547
0.614535
0.613517
0.612495
0.611467
0.610435
0.609398
0.608356
0.607309
0.606257
0.6052
0.604139
0.603073
0.602002
0.600927
0.599847
0.598762
0.597673
0.59658
0.595481
0.594379
0.593271
0.59216
0.591044
0.589924
0.588799
0.58767
0.586537
0.5854
0.584258
0.583112
0.581963
0.580809
0.579651
0.578489
0.577324
0.576154
0.574981
0.573804
0.572623
0.571438
0.57025
0.569058
0.567862
0.566663
0.56546
0.564254
0.563045
0.561832
0.560616
0.559396
0.558174
0.556948
0.555719
0.554487
0.553252
0.552015
0.550774
0.54953
0.548284
0.547035
0.545783
0.544529
0.543272
0.654331
0.653525
0.652714
0.651897
0.651075
0.650248
0.649415
0.648576
0.647732
0.646882
0.646027
0.645167
0.644301
0.64343
0.642553
0.641671
0.640783
0.639891
0.638992
0.638089
0.637179
0.636265
0.635345
0.63442
0.63349
0.632555
0.631614
0.630668
0.629716
0.62876
0.627798
0.626831
0.625859
0.624882
0.6239
0.622912
0.62192
0.620922
0.61992
0.618912
0.617899
0.616882
0.615859
0.614832
0.6138
0.612763
0.611721
0.610674
0.609623
0.608566
0.607505
0.60644
0.605369
0.604294
0.603215
0.60213
0.601042
0.599948
0.598851
0.597749
0.596642
0.595531
0.594416
0.593296
0.592172
0.591044
0.589912
0.588776
0.587635
0.58649
0.585342
0.584189
0.583032
0.581872
0.580707
0.579539
0.578367
0.577191
0.576011
0.574828
0.573641
0.572451
0.571257
0.570059
0.568858
0.567654
0.566446
0.565235
0.564021
0.562804
0.561583
0.56036
0.559133
0.557903
0.55667
0.555435
0.554197
0.552955
0.551712
0.550465
0.549216
0.6593
0.658505
0.657704
0.656898
0.656086
0.655269
0.654447
0.653618
0.652785
0.651946
0.651101
0.650251
0.649396
0.648535
0.647668
0.646797
0.645919
0.645037
0.644149
0.643255
0.642356
0.641452
0.640543
0.639628
0.638708
0.637783
0.636852
0.635916
0.634975
0.634028
0.633077
0.63212
0.631158
0.630191
0.629219
0.628241
0.627259
0.626271
0.625278
0.624281
0.623278
0.622271
0.621258
0.62024
0.619218
0.618191
0.617158
0.616121
0.61508
0.614033
0.612982
0.611926
0.610865
0.6098
0.60873
0.607655
0.606576
0.605492
0.604404
0.603311
0.602214
0.601112
0.600006
0.598896
0.597781
0.596663
0.595539
0.594412
0.593281
0.592145
0.591006
0.589862
0.588714
0.587563
0.586407
0.585248
0.584085
0.582917
0.581747
0.580572
0.579394
0.578212
0.577027
0.575838
0.574646
0.57345
0.572251
0.571048
0.569842
0.568633
0.567421
0.566205
0.564987
0.563765
0.562541
0.561313
0.560083
0.55885
0.557614
0.556375
0.555134
0.664244
0.663459
0.662669
0.661873
0.661072
0.660265
0.659453
0.658635
0.657812
0.656983
0.656149
0.655309
0.654464
0.653614
0.652758
0.651896
0.651029
0.650157
0.649279
0.648396
0.647508
0.646614
0.645714
0.64481
0.6439
0.642985
0.642064
0.641138
0.640207
0.639271
0.638329
0.637383
0.636431
0.635474
0.634511
0.633544
0.632571
0.631594
0.630611
0.629623
0.628631
0.627633
0.62663
0.625622
0.62461
0.623592
0.62257
0.621542
0.62051
0.619473
0.618432
0.617385
0.616334
0.615278
0.614218
0.613153
0.612083
0.611009
0.60993
0.608847
0.607759
0.606667
0.60557
0.604469
0.603364
0.602254
0.60114
0.600022
0.5989
0.597774
0.596643
0.595508
0.59437
0.593227
0.592081
0.59093
0.589776
0.588617
0.587455
0.58629
0.58512
0.583947
0.58277
0.58159
0.580406
0.579219
0.578028
0.576834
0.575637
0.574436
0.573232
0.572025
0.570815
0.569601
0.568385
0.567165
0.565943
0.564718
0.56349
0.562259
0.561025
0.669162
0.668387
0.667608
0.666822
0.666032
0.665235
0.664434
0.663626
0.662813
0.661995
0.661171
0.660342
0.659507
0.658667
0.657821
0.65697
0.656113
0.655251
0.654384
0.653511
0.652632
0.651749
0.65086
0.649965
0.649065
0.64816
0.64725
0.646334
0.645413
0.644487
0.643556
0.642619
0.641677
0.64073
0.639777
0.63882
0.637857
0.63689
0.635917
0.634939
0.633956
0.632968
0.631975
0.630978
0.629975
0.628967
0.627954
0.626937
0.625914
0.624887
0.623855
0.622818
0.621777
0.62073
0.619679
0.618624
0.617564
0.616499
0.615429
0.614356
0.613277
0.612194
0.611107
0.610015
0.608919
0.607819
0.606714
0.605605
0.604492
0.603375
0.602253
0.601128
0.599998
0.598865
0.597727
0.596585
0.59544
0.59429
0.593137
0.59198
0.59082
0.589655
0.588487
0.587315
0.58614
0.584961
0.583779
0.582593
0.581404
0.580212
0.579016
0.577817
0.576615
0.57541
0.574202
0.57299
0.571776
0.570559
0.569339
0.568116
0.56689
0.674054
0.67329
0.672521
0.671746
0.670965
0.670179
0.669388
0.668591
0.667788
0.66698
0.666167
0.665348
0.664523
0.663693
0.662858
0.662017
0.661171
0.660319
0.659461
0.658599
0.657731
0.656857
0.655978
0.655094
0.654204
0.653309
0.652409
0.651503
0.650593
0.649676
0.648755
0.647828
0.646896
0.645959
0.645017
0.644069
0.643117
0.642159
0.641196
0.640228
0.639255
0.638277
0.637294
0.636306
0.635313
0.634315
0.633312
0.632304
0.631291
0.630274
0.629251
0.628224
0.627192
0.626155
0.625114
0.624068
0.623017
0.621962
0.620902
0.619837
0.618768
0.617695
0.616617
0.615534
0.614448
0.613357
0.612261
0.611161
0.610057
0.608949
0.607837
0.60672
0.6056
0.604475
0.603346
0.602213
0.601077
0.599936
0.598792
0.597644
0.596492
0.595336
0.594176
0.593013
0.591847
0.590676
0.589503
0.588325
0.587145
0.585961
0.584773
0.583583
0.582389
0.581192
0.579992
0.578789
0.577582
0.576373
0.575161
0.573946
0.572728
0.67892
0.678166
0.677407
0.676643
0.675873
0.675097
0.674316
0.673529
0.672737
0.671939
0.671136
0.670327
0.669513
0.668693
0.667868
0.667037
0.666201
0.66536
0.664513
0.66366
0.662802
0.661939
0.66107
0.660196
0.659316
0.658432
0.657541
0.656646
0.655745
0.654839
0.653927
0.653011
0.652089
0.651162
0.650229
0.649292
0.648349
0.647401
0.646448
0.64549
0.644527
0.643558
0.642585
0.641607
0.640623
0.639635
0.638642
0.637644
0.636641
0.635633
0.63462
0.633602
0.63258
0.631553
0.630521
0.629484
0.628443
0.627397
0.626347
0.625292
0.624232
0.623168
0.622099
0.621026
0.619949
0.618867
0.61778
0.61669
0.615595
0.614496
0.613393
0.612285
0.611173
0.610058
0.608938
0.607814
0.606686
0.605555
0.604419
0.60328
0.602136
0.600989
0.599838
0.598684
0.597526
0.596364
0.595199
0.59403
0.592858
0.591682
0.590503
0.589321
0.588135
0.586946
0.585754
0.584559
0.583361
0.58216
0.580956
0.579749
0.578539
0.683759
0.683016
0.682267
0.681513
0.680754
0.679988
0.679217
0.678441
0.677659
0.676872
0.676079
0.67528
0.674476
0.673667
0.672852
0.672031
0.671205
0.670374
0.669537
0.668694
0.667847
0.666993
0.666135
0.665271
0.664401
0.663527
0.662646
0.661761
0.66087
0.659974
0.659073
0.658166
0.657254
0.656337
0.655414
0.654487
0.653554
0.652616
0.651673
0.650724
0.649771
0.648812
0.647849
0.64688
0.645907
0.644928
0.643945
0.642956
0.641963
0.640965
0.639961
0.638953
0.637941
0.636923
0.635901
0.634873
0.633842
0.632805
0.631764
0.630718
0.629668
0.628613
0.627554
0.62649
0.625422
0.624349
0.623272
0.622191
0.621105
0.620015
0.618921
0.617822
0.61672
0.615613
0.614502
0.613387
0.612268
0.611145
0.610018
0.608888
0.607753
0.606615
0.605473
0.604327
0.603177
0.602024
0.600868
0.599707
0.598543
0.597376
0.596205
0.595031
0.593854
0.592673
0.59149
0.590303
0.589113
0.587919
0.586723
0.585524
0.584322
0.688572
0.687839
0.687101
0.686357
0.685608
0.684853
0.684092
0.683326
0.682554
0.681777
0.680994
0.680206
0.679412
0.678613
0.677808
0.676998
0.676182
0.675361
0.674534
0.673702
0.672864
0.672021
0.671172
0.670318
0.669459
0.668594
0.667724
0.666849
0.665968
0.665082
0.66419
0.663294
0.662392
0.661484
0.660572
0.659654
0.658731
0.657803
0.65687
0.655931
0.654988
0.654039
0.653085
0.652126
0.651162
0.650194
0.64922
0.648241
0.647257
0.646268
0.645275
0.644276
0.643273
0.642265
0.641252
0.640235
0.639212
0.638185
0.637154
0.636117
0.635076
0.634031
0.632981
0.631926
0.630867
0.629804
0.628736
0.627663
0.626587
0.625506
0.624421
0.623331
0.622238
0.62114
0.620038
0.618932
0.617822
0.616708
0.61559
0.614468
0.613342
0.612213
0.611079
0.609942
0.608801
0.607656
0.606508
0.605356
0.604201
0.603042
0.60188
0.600714
0.599545
0.598373
0.597197
0.596018
0.594836
0.593651
0.592463
0.591272
0.590077
0.693358
0.692635
0.691907
0.691174
0.690435
0.68969
0.68894
0.688184
0.687422
0.686655
0.685883
0.685105
0.684321
0.683532
0.682737
0.681937
0.681131
0.68032
0.679504
0.678681
0.677854
0.677021
0.676182
0.675339
0.674489
0.673635
0.672774
0.671909
0.671038
0.670162
0.66928
0.668394
0.667502
0.666604
0.665702
0.664794
0.663881
0.662962
0.662039
0.66111
0.660176
0.659237
0.658293
0.657344
0.65639
0.655431
0.654467
0.653498
0.652523
0.651544
0.65056
0.649572
0.648578
0.647579
0.646576
0.645568
0.644555
0.643537
0.642515
0.641488
0.640456
0.63942
0.638379
0.637334
0.636284
0.63523
0.634171
0.633108
0.632041
0.630969
0.629893
0.628812
0.627728
0.626639
0.625546
0.624449
0.623348
0.622243
0.621133
0.62002
0.618903
0.617782
0.616657
0.615529
0.614397
0.61326
0.612121
0.610977
0.609831
0.60868
0.607526
0.606369
0.605208
0.604044
0.602876
0.601706
0.600532
0.599355
0.598175
0.596991
0.595805
0.698117
0.697404
0.696687
0.695963
0.695234
0.6945
0.69376
0.693014
0.692263
0.691506
0.690744
0.689976
0.689202
0.688423
0.687639
0.686849
0.686053
0.685252
0.684446
0.683634
0.682816
0.681993
0.681165
0.680331
0.679492
0.678647
0.677797
0.676941
0.67608
0.675214
0.674343
0.673466
0.672584
0.671696
0.670803
0.669905
0.669002
0.668094
0.66718
0.666261
0.665337
0.664408
0.663474
0.662534
0.66159
0.66064
0.659686
0.658726
0.657762
0.656792
0.655818
0.654838
0.653854
0.652865
0.651871
0.650873
0.649869
0.648861
0.647848
0.64683
0.645808
0.644781
0.64375
0.642714
0.641673
0.640628
0.639578
0.638525
0.637466
0.636403
0.635336
0.634265
0.633189
0.63211
0.631026
0.629937
0.628845
0.627749
0.626648
0.625544
0.624436
0.623323
0.622207
0.621087
0.619964
0.618836
0.617705
0.61657
0.615432
0.61429
0.613144
0.611995
0.610843
0.609687
0.608527
0.607365
0.606199
0.60503
0.603858
0.602683
0.601505
0.702848
0.702146
0.701439
0.700726
0.700007
0.699283
0.698553
0.697817
0.697076
0.696329
0.695577
0.69482
0.694056
0.693287
0.692513
0.691733
0.690947
0.690157
0.68936
0.688558
0.687751
0.686938
0.686119
0.685295
0.684466
0.683631
0.682791
0.681946
0.681095
0.680238
0.679377
0.67851
0.677638
0.67676
0.675877
0.674989
0.674095
0.673197
0.672293
0.671384
0.670469
0.66955
0.668625
0.667696
0.666761
0.665821
0.664876
0.663926
0.662971
0.662011
0.661047
0.660077
0.659102
0.658122
0.657138
0.656149
0.655155
0.654156
0.653152
0.652144
0.651131
0.650114
0.649091
0.648065
0.647033
0.645997
0.644957
0.643912
0.642863
0.641809
0.640751
0.639689
0.638622
0.637552
0.636476
0.635397
0.634314
0.633226
0.632135
0.631039
0.62994
0.628836
0.627729
0.626617
0.625502
0.624383
0.623261
0.622134
0.621004
0.619871
0.618734
0.617593
0.616449
0.615301
0.61415
0.612996
0.611838
0.610677
0.609513
0.608346
0.607176
0.707552
0.706861
0.706163
0.70546
0.704752
0.704038
0.703318
0.702592
0.701862
0.701125
0.700383
0.699635
0.698882
0.698123
0.697359
0.696589
0.695814
0.695033
0.694246
0.693454
0.692657
0.691854
0.691046
0.690232
0.689412
0.688588
0.687757
0.686922
0.686081
0.685234
0.684383
0.683526
0.682663
0.681795
0.680922
0.680044
0.67916
0.678271
0.677377
0.676478
0.675573
0.674664
0.673749
0.672829
0.671904
0.670973
0.670038
0.669098
0.668152
0.667202
0.666247
0.665286
0.664321
0.663351
0.662376
0.661396
0.660412
0.659422
0.658428
0.657429
0.656426
0.655417
0.654404
0.653387
0.652365
0.651338
0.650307
0.649271
0.648231
0.647186
0.646137
0.645084
0.644027
0.642965
0.641899
0.640828
0.639754
0.638675
0.637592
0.636505
0.635415
0.63432
0.633221
0.632118
0.631012
0.629902
0.628787
0.62767
0.626548
0.625423
0.624294
0.623162
0.622026
0.620887
0.619744
0.618598
0.617448
0.616296
0.61514
0.61398
0.612818
0.712229
0.711547
0.71086
0.710167
0.709469
0.708765
0.708055
0.70734
0.706619
0.705893
0.705161
0.704423
0.70368
0.702931
0.702177
0.701417
0.700652
0.699881
0.699104
0.698322
0.697535
0.696742
0.695944
0.69514
0.69433
0.693515
0.692695
0.69187
0.691038
0.690202
0.68936
0.688513
0.68766
0.686802
0.685939
0.68507
0.684196
0.683317
0.682433
0.681543
0.680648
0.679748
0.678843
0.677933
0.677017
0.676097
0.675171
0.67424
0.673305
0.672364
0.671418
0.670467
0.669512
0.668551
0.667585
0.666615
0.66564
0.66466
0.663675
0.662685
0.661691
0.660692
0.659688
0.65868
0.657667
0.65665
0.655628
0.654601
0.65357
0.652535
0.651495
0.65045
0.649402
0.648349
0.647292
0.64623
0.645165
0.644095
0.643021
0.641943
0.640861
0.639775
0.638685
0.637591
0.636493
0.635391
0.634285
0.633176
0.632063
0.630946
0.629826
0.628702
0.627574
0.626443
0.625309
0.624171
0.62303
0.621885
0.620737
0.619586
0.618432
0.716878
0.716206
0.715529
0.714846
0.714158
0.713464
0.712764
0.712059
0.711349
0.710632
0.70991
0.709183
0.70845
0.707711
0.706967
0.706217
0.705462
0.704701
0.703934
0.703162
0.702385
0.701602
0.700813
0.700019
0.69922
0.698415
0.697604
0.696789
0.695967
0.695141
0.694309
0.693471
0.692628
0.69178
0.690927
0.690068
0.689204
0.688335
0.68746
0.68658
0.685695
0.684804
0.683909
0.683008
0.682102
0.681191
0.680275
0.679354
0.678428
0.677497
0.67656
0.675619
0.674673
0.673722
0.672766
0.671805
0.670839
0.669868
0.668893
0.667912
0.666927
0.665938
0.664943
0.663944
0.66294
0.661932
0.660919
0.659902
0.65888
0.657853
0.656823
0.655787
0.654748
0.653704
0.652655
0.651603
0.650546
0.649485
0.64842
0.647351
0.646277
0.6452
0.644119
0.643033
0.641944
0.640851
0.639754
0.638653
0.637549
0.63644
0.635328
0.634213
0.633094
0.631971
0.630845
0.629715
0.628582
0.627445
0.626306
0.625163
0.624016
0.721498
0.720837
0.72017
0.719497
0.718819
0.718135
0.717446
0.71675
0.71605
0.715343
0.714632
0.713914
0.713191
0.712462
0.711728
0.710988
0.710243
0.709492
0.708735
0.707973
0.707206
0.706433
0.705654
0.70487
0.70408
0.703285
0.702485
0.701679
0.700868
0.700051
0.699229
0.698401
0.697568
0.69673
0.695886
0.695037
0.694182
0.693323
0.692458
0.691588
0.690712
0.689831
0.688945
0.688054
0.687158
0.686257
0.68535
0.684439
0.683522
0.6826
0.681673
0.680742
0.679805
0.678863
0.677916
0.676965
0.676008
0.675047
0.674081
0.67311
0.672134
0.671154
0.670169
0.669179
0.668184
0.667185
0.666181
0.665173
0.66416
0.663143
0.662121
0.661095
0.660064
0.659029
0.65799
0.656946
0.655898
0.654846
0.65379
0.652729
0.651665
0.650596
0.649523
0.648447
0.647366
0.646282
0.645193
0.644101
0.643005
0.641905
0.640802
0.639694
0.638583
0.637469
0.636351
0.63523
0.634105
0.632976
0.631845
0.63071
0.629572
0.726091
0.725439
0.724782
0.72412
0.723452
0.722778
0.722098
0.721413
0.720723
0.720026
0.719324
0.718617
0.717904
0.717185
0.716461
0.715731
0.714995
0.714254
0.713508
0.712756
0.711998
0.711235
0.710466
0.709692
0.708912
0.708127
0.707336
0.70654
0.705739
0.704932
0.704119
0.703301
0.702478
0.70165
0.700816
0.699976
0.699132
0.698282
0.697426
0.696566
0.6957
0.694829
0.693953
0.693071
0.692185
0.691293
0.690396
0.689494
0.688587
0.687674
0.686757
0.685835
0.684907
0.683975
0.683038
0.682096
0.681148
0.680197
0.67924
0.678278
0.677312
0.67634
0.675364
0.674384
0.673398
0.672408
0.671414
0.670415
0.669411
0.668403
0.66739
0.666373
0.665351
0.664325
0.663295
0.66226
0.661221
0.660178
0.65913
0.658078
0.657023
0.655963
0.654899
0.653831
0.652759
0.651683
0.650603
0.649519
0.648432
0.64734
0.646245
0.645146
0.644044
0.642938
0.641828
0.640715
0.639598
0.638478
0.637355
0.636228
0.635098
0.730655
0.730014
0.729367
0.728714
0.728056
0.727392
0.726723
0.726048
0.725367
0.72468
0.723989
0.723291
0.722588
0.721879
0.721165
0.720445
0.719719
0.718988
0.718251
0.717509
0.716761
0.716008
0.715249
0.714485
0.713715
0.71294
0.712159
0.711373
0.710581
0.709784
0.708981
0.708173
0.707359
0.70654
0.705716
0.704887
0.704052
0.703211
0.702366
0.701515
0.700659
0.699797
0.698931
0.698059
0.697182
0.696299
0.695412
0.694519
0.693622
0.692719
0.691811
0.690898
0.68998
0.689057
0.68813
0.687197
0.686259
0.685316
0.684369
0.683416
0.682459
0.681497
0.680531
0.679559
0.678583
0.677602
0.676617
0.675627
0.674632
0.673633
0.672629
0.671621
0.670608
0.669591
0.668569
0.667544
0.666513
0.665479
0.66444
0.663398
0.66235
0.661299
0.660244
0.659185
0.658121
0.657054
0.655983
0.654907
0.653828
0.652746
0.651659
0.650568
0.649474
0.648377
0.647275
0.64617
0.645062
0.64395
0.642835
0.641716
0.640594
0.735191
0.734559
0.733922
0.73328
0.732632
0.731978
0.731318
0.730653
0.729982
0.729306
0.728624
0.727936
0.727243
0.726544
0.72584
0.72513
0.724414
0.723693
0.722966
0.722234
0.721496
0.720752
0.720003
0.719249
0.718489
0.717723
0.716952
0.716176
0.715394
0.714606
0.713813
0.713015
0.712211
0.711402
0.710587
0.709767
0.708942
0.708111
0.707275
0.706434
0.705588
0.704736
0.703879
0.703016
0.702149
0.701276
0.700398
0.699515
0.698627
0.697734
0.696835
0.695932
0.695023
0.69411
0.693191
0.692268
0.69134
0.690406
0.689468
0.688525
0.687577
0.686624
0.685667
0.684705
0.683738
0.682766
0.681789
0.680809
0.679823
0.678833
0.677838
0.676839
0.675835
0.674827
0.673814
0.672798
0.671776
0.670751
0.669721
0.668687
0.667648
0.666606
0.665559
0.664509
0.663454
0.662395
0.661333
0.660266
0.659195
0.658121
0.657043
0.655961
0.654875
0.653786
0.652693
0.651596
0.650496
0.649392
0.648285
0.647174
0.64606
0.739698
0.739077
0.73845
0.737817
0.737179
0.736535
0.735885
0.73523
0.734569
0.733902
0.73323
0.732553
0.731869
0.73118
0.730486
0.729785
0.72908
0.728368
0.727651
0.726929
0.726201
0.725467
0.724728
0.723983
0.723233
0.722477
0.721716
0.720949
0.720177
0.719399
0.718616
0.717827
0.717033
0.716234
0.715429
0.714619
0.713803
0.712982
0.712156
0.711324
0.710487
0.709645
0.708797
0.707944
0.707086
0.706223
0.705355
0.704481
0.703603
0.702719
0.70183
0.700936
0.700037
0.699133
0.698223
0.697309
0.69639
0.695466
0.694537
0.693603
0.692665
0.691721
0.690773
0.68982
0.688862
0.687899
0.686932
0.68596
0.684984
0.684003
0.683017
0.682027
0.681032
0.680033
0.679029
0.678021
0.677009
0.675992
0.674971
0.673946
0.672916
0.671882
0.670845
0.669803
0.668757
0.667706
0.666652
0.665594
0.664532
0.663466
0.662397
0.661323
0.660246
0.659165
0.65808
0.656992
0.6559
0.654804
0.653705
0.652603
0.651497
0.744176
0.743565
0.742948
0.742325
0.741697
0.741063
0.740423
0.739778
0.739127
0.73847
0.737808
0.73714
0.736466
0.735787
0.735102
0.734412
0.733716
0.733015
0.732307
0.731595
0.730876
0.730153
0.729423
0.728688
0.727948
0.727202
0.72645
0.725693
0.724931
0.724163
0.723389
0.72261
0.721826
0.721036
0.720241
0.71944
0.718634
0.717823
0.717006
0.716184
0.715356
0.714524
0.713686
0.712842
0.711994
0.71114
0.710281
0.709417
0.708548
0.707674
0.706794
0.705909
0.70502
0.704125
0.703225
0.70232
0.701411
0.700496
0.699576
0.698652
0.697722
0.696788
0.695849
0.694905
0.693956
0.693003
0.692045
0.691082
0.690114
0.689142
0.688166
0.687184
0.686199
0.685208
0.684214
0.683215
0.682211
0.681203
0.680191
0.679174
0.678154
0.677129
0.6761
0.675066
0.674029
0.672987
0.671942
0.670892
0.669839
0.668781
0.66772
0.666655
0.665586
0.664513
0.663437
0.662357
0.661273
0.660186
0.659095
0.658001
0.656903
0.748626
0.748024
0.747417
0.746804
0.746186
0.745561
0.744932
0.744296
0.743655
0.743008
0.742356
0.741698
0.741034
0.740365
0.73969
0.739009
0.738323
0.737631
0.736934
0.736231
0.735523
0.734808
0.734089
0.733364
0.732633
0.731897
0.731155
0.730407
0.729654
0.728896
0.728132
0.727363
0.726588
0.725808
0.725022
0.724231
0.723435
0.722633
0.721826
0.721014
0.720196
0.719373
0.718544
0.71771
0.716871
0.716027
0.715178
0.714323
0.713463
0.712598
0.711728
0.710853
0.709973
0.709087
0.708197
0.707301
0.706401
0.705495
0.704585
0.70367
0.702749
0.701824
0.700894
0.69996
0.69902
0.698076
0.697127
0.696173
0.695215
0.694252
0.693284
0.692312
0.691335
0.690354
0.689368
0.688378
0.687383
0.686384
0.68538
0.684373
0.683361
0.682344
0.681324
0.680299
0.679271
0.678238
0.677201
0.67616
0.675115
0.674066
0.673013
0.671956
0.670896
0.669832
0.668763
0.667692
0.666616
0.665537
0.664455
0.663368
0.662279
0.753047
0.752455
0.751857
0.751254
0.750646
0.750031
0.749411
0.748786
0.748154
0.747517
0.746875
0.746226
0.745573
0.744913
0.744248
0.743577
0.742901
0.742219
0.741531
0.740838
0.740139
0.739435
0.738725
0.738009
0.737288
0.736562
0.735829
0.735092
0.734349
0.7336
0.732846
0.732086
0.731321
0.73055
0.729774
0.728993
0.728206
0.727414
0.726616
0.725813
0.725005
0.724191
0.723372
0.722548
0.721719
0.720884
0.720044
0.719199
0.718348
0.717493
0.716632
0.715766
0.714895
0.714019
0.713138
0.712252
0.711361
0.710464
0.709563
0.708657
0.707746
0.70683
0.705909
0.704984
0.704053
0.703118
0.702178
0.701234
0.700284
0.69933
0.698372
0.697408
0.696441
0.695468
0.694491
0.69351
0.692524
0.691534
0.690539
0.68954
0.688537
0.68753
0.686518
0.685502
0.684482
0.683457
0.682429
0.681397
0.68036
0.67932
0.678275
0.677227
0.676175
0.675119
0.674059
0.672996
0.671929
0.670858
0.669784
0.668706
0.667624
0.757438
0.756856
0.756269
0.755675
0.755076
0.754472
0.753862
0.753246
0.752624
0.751997
0.751364
0.750726
0.750081
0.749432
0.748776
0.748115
0.747449
0.746776
0.746098
0.745415
0.744726
0.744031
0.743331
0.742625
0.741914
0.741197
0.740474
0.739746
0.739013
0.738274
0.737529
0.736779
0.736023
0.735263
0.734496
0.733724
0.732947
0.732164
0.731376
0.730583
0.729784
0.72898
0.72817
0.727356
0.726536
0.72571
0.72488
0.724044
0.723203
0.722357
0.721505
0.720649
0.719787
0.71892
0.718048
0.717172
0.71629
0.715403
0.714511
0.713614
0.712712
0.711805
0.710894
0.709977
0.709056
0.70813
0.707199
0.706264
0.705323
0.704378
0.703429
0.702474
0.701515
0.700552
0.699584
0.698611
0.697634
0.696653
0.695667
0.694677
0.693683
0.692684
0.691681
0.690673
0.689662
0.688646
0.687627
0.686603
0.685575
0.684543
0.683507
0.682467
0.681424
0.680376
0.679325
0.67827
0.677211
0.676148
0.675082
0.674012
0.672939
0.7618
0.761228
0.76065
0.760067
0.759478
0.758883
0.758282
0.757676
0.757064
0.756447
0.755824
0.755195
0.754561
0.753921
0.753275
0.752624
0.751967
0.751304
0.750636
0.749962
0.749283
0.748598
0.747907
0.747211
0.746509
0.745802
0.745089
0.744371
0.743647
0.742917
0.742182
0.741442
0.740696
0.739944
0.739188
0.738425
0.737657
0.736884
0.736106
0.735322
0.734532
0.733738
0.732938
0.732132
0.731322
0.730506
0.729685
0.728858
0.728027
0.72719
0.726348
0.725501
0.724648
0.723791
0.722928
0.722061
0.721188
0.72031
0.719428
0.71854
0.717647
0.71675
0.715847
0.71494
0.714028
0.713111
0.712189
0.711263
0.710331
0.709395
0.708455
0.707509
0.706559
0.705605
0.704646
0.703682
0.702714
0.701741
0.700764
0.699783
0.698797
0.697807
0.696813
0.695814
0.694811
0.693804
0.692793
0.691778
0.690759
0.689735
0.688708
0.687677
0.686641
0.685602
0.684559
0.683512
0.682462
0.681408
0.68035
0.679288
0.678223
